0	862
0	890
0	50
0	623
0	635
0	625
0	546
0	963
0	662
1	946
1	954
1	226
2	705
2	482
2	692
2	808
2	837
2	940
2	893
2	689
2	991
2	691
3	790
3	917
3	721
3	6
3	891
3	788
3	984
3	910
3	959
3	707
4	695
4	691
4	966
4	692
4	940
4	808
4	893
4	594
4	486
4	640
5	858
5	889
5	73
5	281
6	803
6	707
6	775
6	962
6	910
6	874
6	992
6	865
6	680
7	947
7	773
7	977
7	712
7	898
7	832
7	784
7	700
7	824
7	727
8	11
8	13
8	12
8	9
8	10
8	14
8	490
8	540
8	493
8	370
9	11
9	14
9	15
9	13
9	12
9	494
9	497
9	492
9	792
10	14
10	15
10	494
10	489
10	119
10	900
10	492
10	496
10	488
11	13
11	15
11	491
11	495
11	614
11	492
11	989
11	494
12	14
12	13
12	15
12	490
12	495
12	660
12	498
12	759
13	14
13	515
13	489
13	491
13	498
13	614
14	15
14	498
14	494
14	496
14	493
15	492
15	495
15	496
15	586
15	649
16	18
16	22
16	19
16	520
16	510
16	519
16	512
16	669
16	789
16	833
16	867
16	935
16	20
16	686
17	19
17	21
17	18
17	519
17	511
17	513
17	510
17	512
17	443
17	835
17	854
17	935
17	701
17	20
17	976
18	20
18	19
18	513
18	21
18	511
18	835
18	512
18	669
18	935
18	701
18	22
18	867
18	833
19	21
19	20
19	510
19	511
19	512
19	513
19	974
19	905
19	835
19	833
19	856
19	669
20	511
20	520
20	701
20	888
20	519
20	512
20	789
20	686
20	867
20	607
21	22
21	520
21	519
21	510
21	513
21	511
21	512
21	833
21	745
21	884
21	779
21	686
22	513
22	520
22	510
22	867
22	773
22	849
22	604
22	835
22	355
22	813
22	789
23	514
23	517
24	772
24	728
24	464
24	970
24	29
24	703
24	911
24	731
24	783
24	884
25	681
25	668
25	749
25	423
26	684
26	895
26	960
26	280
26	287
27	847
27	735
27	923
27	711
27	683
27	293
27	860
27	741
27	653
27	655
28	792
28	842
28	442
28	720
28	996
28	982
28	439
28	724
28	861
28	973
28	49
28	128
28	937
28	129
28	100
29	694
29	462
29	728
29	464
29	970
29	772
29	988
29	986
29	912
30	840
30	761
30	663
30	969
30	710
30	714
30	838
30	998
30	706
31	926
31	699
31	961
31	736
31	919
31	37
31	949
31	927
31	35
31	819
32	37
32	35
32	36
32	746
32	887
32	670
32	881
32	484
32	819
32	285
33	34
33	36
33	38
33	37
33	35
33	881
33	989
33	746
33	919
33	819
34	37
34	39
34	36
34	856
34	927
34	848
34	800
34	926
34	839
35	37
35	39
35	36
35	856
35	926
35	881
35	734
36	38
36	37
36	881
36	839
36	670
36	926
37	746
37	989
37	926
37	736
38	39
38	734
38	927
38	919
38	697
38	819
38	746
38	949
39	819
39	881
39	736
39	734
39	848
39	887
39	746
40	46
40	44
40	136
40	47
40	81
40	142
40	924
40	963
40	140
40	802
41	573
41	616
41	858
42	45
42	44
42	47
42	82
42	46
42	80
42	851
42	138
42	918
42	81
43	138
43	46
43	142
43	47
43	136
43	729
43	80
43	845
43	612
43	635
44	142
44	45
44	47
44	87
44	845
44	952
44	613
45	136
45	138
45	143
45	851
45	844
45	463
45	137
45	684
46	47
46	142
46	80
46	137
46	81
46	924
46	366
47	142
47	143
47	80
47	960
47	918
48	55
48	641
48	647
48	62
48	843
48	548
48	605
48	846
48	58
48	836
49	646
49	637
49	842
49	996
49	54
49	982
49	132
49	724
49	133
50	52
50	53
50	635
50	623
50	59
50	621
50	778
50	625
50	606
50	667
50	890
50	918
50	894
50	871
51	650
51	554
51	557
51	452
52	53
52	553
52	623
52	635
52	862
52	765
52	844
52	676
52	902
52	871
52	620
52	563
52	209
53	619
53	635
53	627
53	778
53	553
53	612
53	544
53	667
53	620
53	780
53	902
53	568
53	871
54	645
54	646
54	622
54	160
54	637
54	617
54	861
54	696
55	605
55	565
55	634
55	57
55	561
55	547
55	641
55	548
55	867
55	683
55	846
55	648
55	647
55	725
55	58
55	690
55	758
55	782
55	841
55	220
56	61
56	559
56	552
56	551
56	626
56	427
56	60
56	566
56	630
57	63
57	549
57	565
57	548
57	628
57	647
57	784
57	953
57	550
58	605
58	846
58	642
58	62
58	647
58	506
58	437
58	436
59	544
59	620
59	570
59	572
59	619
59	612
59	871
59	676
59	765
60	61
60	566
60	630
60	562
60	853
60	161
60	843
60	632
60	558
61	632
61	853
61	611
61	566
61	846
61	626
61	886
62	628
62	641
62	547
62	63
62	421
62	642
62	605
62	647
63	549
63	641
63	642
63	628
63	648
63	647
63	565
63	634
64	69
64	245
64	70
64	247
64	242
64	71
64	66
64	815
64	243
64	240
65	245
65	240
65	243
65	246
65	69
65	70
65	993
65	67
65	242
65	750
66	69
66	244
66	68
66	247
66	815
66	246
66	70
66	71
66	836
67	71
67	68
67	246
67	247
67	240
67	241
67	69
67	375
68	69
68	246
68	245
68	241
68	997
68	880
68	717
68	785
69	71
69	245
69	975
69	242
69	418
70	245
70	244
70	247
70	241
70	243
70	242
70	389
71	240
71	245
71	242
71	993
71	243
71	244
72	75
72	77
72	74
72	621
73	569
73	573
73	811
73	141
74	75
74	952
74	623
74	855
75	77
75	370
75	87
76	445
76	444
77	787
77	765
77	287
78	79
78	447
78	864
79	447
80	81
80	87
80	82
80	787
80	463
80	610
81	87
81	844
81	136
81	82
81	85
81	952
82	85
82	87
82	924
82	140
82	951
82	894
82	625
83	139
83	817
83	86
83	914
83	981
84	141
84	672
84	889
84	573
85	463
85	138
85	851
85	729
85	87
85	845
85	801
86	139
86	817
86	931
86	795
87	952
87	844
87	951
87	140
88	90
88	93
88	95
88	89
88	331
88	335
88	332
88	493
88	91
89	93
89	94
89	91
89	95
89	331
89	582
89	90
89	328
89	824
90	91
90	93
90	94
90	330
90	92
90	334
90	588
90	95
91	95
91	94
91	602
91	332
91	335
91	93
91	609
92	93
92	94
92	328
92	331
92	332
92	488
92	334
92	661
92	753
93	95
93	351
93	94
93	771
94	95
94	328
94	329
94	333
94	353
95	333
95	335
95	582
95	329
96	99
96	103
96	98
96	100
96	101
96	102
96	290
96	291
96	97
96	744
97	102
97	100
97	103
97	289
97	101
97	99
97	98
97	748
98	100
98	99
98	103
98	102
98	101
98	958
98	387
98	287
99	103
99	101
99	102
99	100
99	958
99	590
100	103
100	102
101	288
101	103
101	102
101	741
101	775
101	884
102	103
102	958
102	590
103	292
103	678
103	752
104	109
104	163
105	106
105	110
105	450
106	110
106	167
107	167
107	164
108	448
108	456
108	449
109	163
110	156
111	166
111	866
112	113
112	411
112	213
112	208
112	210
112	271
112	901
112	768
112	932
113	116
113	411
113	213
113	210
113	317
113	265
113	271
113	264
113	900
114	413
114	417
114	115
114	318
114	535
114	414
114	536
114	313
114	409
114	747
115	416
115	415
115	118
115	539
115	117
115	663
115	761
115	354
115	541
116	213
116	266
116	265
116	267
116	900
116	901
116	768
116	760
116	754
117	415
117	413
117	412
117	409
117	539
117	536
117	542
117	319
117	832
118	417
118	415
118	535
118	314
118	315
118	409
118	316
118	799
118	412
119	537
119	543
120	125
120	221
120	436
120	256
120	220
120	260
120	434
120	435
120	433
121	219
121	124
121	218
122	430
122	259
122	428
123	223
123	222
123	258
123	126
123	429
123	257
123	914
123	261
124	218
124	219
125	127
125	221
125	220
125	435
125	432
125	436
125	431
125	437
125	434
125	256
125	703
126	222
126	261
126	223
126	262
126	429
126	258
126	683
126	878
127	220
127	221
127	436
127	433
127	260
127	435
127	437
127	431
127	256
127	722
127	390
128	133
128	129
128	134
128	131
128	130
128	132
128	724
128	973
129	130
129	131
129	134
129	135
129	132
129	720
129	724
129	842
130	131
130	134
130	135
130	132
130	133
130	617
130	720
131	132
131	134
131	913
131	982
131	861
131	135
131	741
132	135
132	133
132	646
132	996
132	781
133	134
133	135
133	609
133	792
133	973
134	135
134	724
134	842
134	861
134	937
135	637
135	996
135	982
135	578
136	140
136	137
136	142
136	138
136	143
136	316
137	142
137	845
137	851
137	951
137	729
137	844
137	635
138	140
138	143
138	902
138	948
139	914
139	817
139	710
140	143
140	142
140	963
140	844
140	544
141	672
141	633
141	573
142	370
142	855
143	951
143	662
143	828
143	963
143	422
144	149
144	145
144	401
144	148
144	399
144	403
144	150
144	406
144	405
144	400
145	151
145	146
145	147
145	399
145	402
145	407
145	404
145	150
145	605
146	150
146	149
146	151
146	405
146	401
146	403
146	485
146	404
146	356
147	151
147	148
147	399
147	150
147	405
147	325
147	149
147	400
147	401
148	403
148	404
148	150
148	406
148	399
148	405
148	151
148	360
149	402
149	150
149	840
149	403
149	349
149	406
149	401
150	400
150	405
150	402
150	404
151	399
151	686
151	404
151	400
151	407
151	403
152	159
152	487
153	157
153	154
153	375
153	184
153	484
154	157
154	377
154	827
154	950
155	158
155	186
155	372
155	376
156	810
157	374
157	375
157	184
158	380
158	372
158	298
158	376
159	903
160	617
160	645
161	559
161	566
162	165
162	615
162	631
164	167
165	643
165	614
168	174
168	172
168	473
168	469
168	169
168	171
168	252
168	474
168	468
169	171
169	174
169	173
169	248
169	250
169	172
169	578
169	888
169	711
170	255
170	251
170	470
170	253
170	254
170	806
171	174
171	250
171	252
171	474
171	468
171	769
172	173
172	174
172	250
172	252
172	475
172	248
172	258
172	469
173	474
173	469
173	473
173	974
173	626
173	250
174	468
174	469
174	476
174	252
175	249
175	472
175	471
176	180
176	178
176	183
177	182
177	179
177	216
178	180
178	183
179	182
179	433
180	183
180	182
181	182
181	395
181	729
184	971
185	373
185	812
185	379
186	191
186	983
187	189
187	188
187	643
188	189
188	190
188	631
189	190
190	939
191	376
191	672
192	193
192	194
192	197
192	225
192	312
193	194
193	198
193	197
193	226
194	197
194	198
194	231
195	196
195	585
196	575
197	198
197	231
198	227
198	225
199	386
199	590
200	202
200	203
200	951
201	371
201	569
201	281
202	203
202	627
203	720
204	207
204	205
204	206
205	207
206	207
207	595
208	210
208	213
208	410
208	317
208	266
208	264
208	268
208	900
208	886
209	412
209	541
209	414
209	663
209	816
209	799
209	211
209	870
209	761
210	266
210	411
210	269
210	271
210	843
210	268
210	566
211	214
211	212
211	416
211	415
211	215
211	534
211	414
211	417
211	838
212	215
212	535
212	413
212	316
212	710
212	315
212	840
212	677
212	757
213	317
213	411
213	270
213	932
213	269
213	868
214	312
214	315
214	533
214	761
214	393
214	757
214	870
214	929
214	909
215	414
215	534
215	315
215	416
215	409
215	417
215	319
215	761
216	217
216	263
217	263
218	219
219	629
220	260
220	433
220	256
220	431
220	434
220	221
220	437
220	375
221	433
221	434
221	437
221	260
221	436
221	432
221	647
222	223
222	262
222	257
222	847
222	698
222	258
223	257
223	258
223	502
223	262
223	956
224	226
224	229
224	712
224	725
224	704
224	994
224	759
224	231
224	308
224	481
225	230
225	227
225	226
225	228
225	229
225	580
225	942
225	859
226	228
226	230
226	227
226	990
226	730
226	823
227	229
227	228
227	231
227	487
227	725
227	230
227	972
228	230
228	231
228	701
228	771
228	832
228	793
228	232
229	230
229	485
229	712
229	709
229	674
229	880
229	938
230	231
230	719
230	725
230	877
230	709
231	663
231	759
231	338
231	873
232	422
232	420
232	233
232	427
232	237
233	420
233	427
233	237
233	422
233	757
234	426
234	423
234	239
234	421
234	419
234	424
234	435
235	418
235	236
235	425
235	917
235	426
236	238
236	425
236	857
236	900
237	422
237	427
237	420
237	662
238	425
238	722
238	418
238	769
239	423
239	419
239	421
239	426
239	827
239	837
240	243
240	241
240	242
240	246
240	685
240	481
241	245
241	244
241	242
241	243
241	997
242	243
242	244
242	246
243	247
243	246
243	244
244	247
244	245
244	975
244	503
245	247
245	246
246	247
246	975
247	957
247	815
248	252
248	250
248	477
248	474
248	468
248	473
248	475
249	472
249	471
249	992
250	475
250	473
250	474
250	860
251	254
251	942
251	470
251	628
251	255
252	476
252	477
253	470
253	254
253	748
253	935
253	966
254	255
254	470
254	745
255	470
255	507
255	838
256	431
256	435
256	437
256	433
256	434
256	436
257	261
257	258
257	429
257	857
258	261
258	262
258	429
258	748
259	430
259	428
260	431
260	432
260	433
260	434
260	437
261	262
261	429
261	797
262	429
262	795
264	267
264	269
264	270
264	265
264	266
264	317
264	969
264	552
265	267
265	266
265	268
265	270
265	269
265	410
265	629
266	270
266	271
266	868
266	944
266	941
267	269
267	271
267	270
267	703
267	768
267	868
267	850
268	269
268	271
268	868
268	715
268	941
268	745
268	906
269	768
269	868
269	944
269	941
270	410
270	411
270	901
270	760
270	677
271	901
271	900
271	407
272	273
272	275
272	531
272	524
272	986
272	526
272	970
272	767
272	912
272	794
273	279
273	278
273	521
273	530
273	276
273	947
273	651
273	731
273	694
274	275
274	277
274	279
274	521
274	529
274	706
274	783
274	743
274	767
274	723
275	278
275	669
275	523
275	522
275	524
275	912
275	521
275	276
276	279
276	530
276	522
276	524
276	529
276	523
276	743
276	728
277	278
277	531
277	525
277	521
277	524
277	772
277	527
277	763
277	694
278	279
278	527
278	523
278	754
278	651
278	522
278	988
279	522
279	528
279	530
279	783
279	529
279	912
280	287
280	284
280	282
280	639
280	363
280	787
280	544
280	922
281	371
281	616
281	858
281	889
282	284
282	287
282	369
282	684
282	365
282	948
282	545
282	894
282	802
283	285
283	636
283	286
283	820
284	287
284	610
284	572
284	365
284	370
284	922
284	871
284	894
284	963
284	855
285	286
285	636
285	367
286	636
286	367
286	826
287	363
287	365
287	948
287	613
287	623
287	801
287	834
288	291
288	289
288	290
288	292
289	291
289	292
289	290
290	291
290	292
291	292
293	294
293	295
294	295
296	300
296	303
296	394
297	301
297	299
297	302
298	983
298	376
299	301
299	337
300	303
300	971
301	302
302	592
303	375
304	311
304	309
304	306
304	349
304	321
304	482
304	345
304	859
304	308
304	823
305	309
305	308
305	320
305	345
305	321
305	326
305	346
305	307
305	349
305	880
306	309
306	326
306	353
306	322
306	350
306	307
306	346
306	974
306	745
307	309
307	321
307	345
307	353
307	325
307	349
307	579
307	738
308	311
308	322
308	320
308	325
308	353
308	348
308	972
309	325
309	350
309	353
309	345
309	311
310	323
310	352
310	347
310	327
310	959
310	365
311	320
311	321
311	346
311	877
311	348
311	768
311	824
312	315
312	318
312	533
312	538
312	314
312	408
312	539
312	313
313	318
313	533
313	416
313	319
313	408
313	315
313	409
313	753
314	318
314	319
314	542
314	533
314	416
314	417
314	870
314	838
315	319
315	536
315	534
315	409
316	532
316	536
316	319
316	533
316	535
316	838
316	354
317	410
317	411
317	941
317	760
317	843
317	906
318	412
318	535
318	532
318	998
318	761
318	870
319	542
319	534
319	408
319	747
320	325
320	350
320	346
320	887
320	351
320	326
320	712
321	322
321	353
321	893
321	986
321	898
321	759
322	325
322	326
322	346
322	345
322	785
322	905
322	880
323	327
323	324
323	330
323	352
324	327
324	352
324	857
324	968
324	775
325	326
325	345
325	813
325	873
326	345
326	349
326	351
326	350
326	824
327	347
327	353
327	352
328	335
328	329
328	333
328	331
328	332
328	588
328	334
329	335
329	332
329	331
329	583
329	601
329	330
329	602
330	335
330	332
330	601
330	602
330	331
330	333
330	975
331	574
331	588
331	333
331	334
332	334
332	333
332	335
332	601
333	334
333	583
333	602
333	912
334	335
334	574
334	588
334	602
335	582
335	574
336	682
336	893
336	594
336	689
336	940
337	665
337	831
337	829
337	830
337	483
337	879
337	896
337	821
338	341
338	342
338	898
338	903
339	461
339	363
339	365
340	343
340	344
340	364
341	342
341	877
341	942
341	859
342	727
342	485
342	674
343	344
343	364
344	676
345	348
345	350
345	346
346	350
346	351
346	353
346	697
347	839
347	352
347	984
347	950
348	350
348	402
348	351
348	769
348	349
348	704
348	564
349	350
349	351
349	856
349	580
350	351
350	353
351	878
351	859
352	562
353	824
354	358
354	565
355	361
355	362
355	359
355	994
356	358
356	360
357	362
357	361
357	420
357	359
357	953
358	360
359	362
359	361
359	591
361	362
361	653
362	774
363	370
363	461
363	365
363	737
363	918
364	478
365	370
365	895
365	952
366	369
366	368
367	636
368	369
368	599
370	737
370	780
371	889
371	672
372	376
372	380
372	373
373	379
374	375
374	378
374	377
375	378
375	722
375	433
375	377
376	380
377	378
377	915
378	968
379	812
380	505
381	388
381	579
381	591
381	577
381	595
381	832
381	903
382	387
382	592
382	589
382	598
382	603
382	578
382	593
382	596
382	576
382	384
383	585
383	604
383	575
383	468
384	387
384	592
384	603
384	578
384	599
384	576
384	385
384	593
385	387
385	589
385	598
385	599
385	603
385	576
385	578
385	571
385	592
386	389
386	586
386	581
386	422
386	703
386	672
387	576
387	603
387	578
387	599
387	596
387	589
387	592
388	580
388	595
388	591
388	818
388	947
389	584
389	586
389	590
389	581
389	796
390	398
390	394
390	393
390	404
391	396
391	392
391	397
391	754
392	397
392	396
393	394
393	398
393	395
394	398
394	395
395	532
395	398
396	397
398	764
399	402
399	406
399	443
399	401
399	403
400	407
400	403
400	402
400	405
400	401
400	870
401	403
401	404
401	402
401	407
402	406
402	403
402	405
403	407
404	407
404	405
404	406
405	406
405	407
406	407
406	699
407	431
408	413
408	409
408	536
408	757
408	753
408	886
408	998
409	414
409	757
409	816
410	411
410	793
410	932
410	843
410	692
410	715
411	699
411	900
412	413
412	414
412	415
412	710
412	541
412	753
413	414
413	542
413	534
413	536
413	998
414	417
414	539
414	840
415	417
415	532
415	535
415	416
415	838
416	417
416	539
416	979
416	526
417	542
417	714
418	425
418	800
419	424
419	423
419	421
419	426
419	974
420	422
420	427
421	423
421	424
421	860
423	426
423	424
424	426
424	935
424	824
425	823
426	435
427	967
428	430
429	937
431	435
431	434
431	432
431	437
431	433
431	436
431	578
432	434
432	435
432	886
432	984
433	805
433	436
433	434
434	437
435	436
435	437
436	437
436	503
438	443
438	833
438	888
438	789
438	835
439	442
439	792
439	440
439	622
440	442
440	937
440	842
440	973
441	446
441	444
441	445
441	715
441	652
442	622
442	724
443	701
443	512
444	446
444	445
445	446
446	674
448	456
448	449
449	456
450	452
450	455
450	457
450	453
450	451
450	454
451	457
451	452
451	454
451	453
451	455
452	453
452	455
452	457
452	716
453	454
453	457
453	455
453	810
453	871
454	455
454	457
454	810
454	663
455	810
455	459
457	716
457	502
458	998
458	710
458	929
458	870
458	799
458	838
458	538
459	796
459	716
460	466
460	463
460	952
460	844
460	951
460	780
460	606
461	465
461	467
462	464
462	986
462	743
462	651
462	659
462	783
463	466
463	844
463	952
464	767
464	772
464	651
464	970
465	467
466	951
466	963
466	851
466	545
466	729
468	469
468	477
468	475
468	476
469	476
469	477
470	909
471	472
473	476
473	474
473	721
473	665
474	477
474	476
474	970
474	481
475	476
475	477
476	995
476	477
478	904
478	897
478	892
478	934
478	690
478	916
478	785
478	694
478	920
479	717
479	739
479	882
479	742
479	687
479	804
479	797
479	779
479	831
479	484
479	794
479	885
479	766
479	569
480	485
480	990
480	759
480	773
480	969
480	974
480	745
480	709
480	827
480	841
481	755
481	925
481	999
481	908
481	807
481	875
481	679
481	921
481	956
481	578
481	774
482	940
482	991
482	486
482	691
482	705
482	584
482	695
482	950
483	830
483	831
483	829
483	665
483	916
484	717
484	766
484	739
484	687
484	885
484	493
484	742
484	774
484	756
484	804
485	942
485	784
485	938
485	827
485	769
485	877
486	893
486	991
486	837
486	695
486	940
486	531
486	689
486	919
487	823
487	974
487	773
487	793
487	832
487	898
487	859
487	970
488	491
488	498
488	496
488	490
488	492
488	497
488	614
488	713
489	495
489	493
489	496
489	497
489	498
489	491
489	543
489	643
490	496
490	492
490	495
490	494
490	491
490	497
490	649
491	494
491	497
491	492
491	493
491	495
492	496
492	493
492	764
493	498
493	497
493	615
494	972
494	496
494	757
494	497
495	496
495	497
495	649
495	615
496	497
497	615
498	695
498	512
498	754
498	735
499	504
499	501
499	500
500	504
500	501
501	504
502	503
502	506
502	505
502	508
503	505
503	508
503	509
503	507
505	506
505	508
505	509
505	507
506	508
506	507
506	509
506	832
507	508
507	509
508	509
509	831
510	520
510	513
510	519
510	512
510	511
510	880
510	849
510	789
510	888
511	512
511	520
511	519
511	833
511	867
511	884
511	669
511	806
511	835
512	519
512	520
512	513
512	929
512	857
513	519
513	754
513	669
513	849
513	854
513	520
513	935
513	701
514	517
515	518
515	516
516	518
519	935
519	701
519	835
519	520
519	686
519	888
519	884
520	833
520	669
520	849
520	835
520	686
520	867
521	526
521	530
521	525
521	531
521	933
521	528
522	525
522	528
522	530
522	703
522	772
522	986
523	528
523	526
523	659
523	694
523	772
523	986
523	806
524	528
524	527
524	529
524	525
524	743
524	970
525	531
525	530
525	528
525	529
525	794
525	912
526	531
526	528
526	530
526	986
526	743
527	529
527	531
527	986
527	706
527	912
527	772
528	531
528	988
528	703
529	912
529	694
529	988
529	794
530	988
530	703
530	728
531	703
531	970
532	541
532	535
532	533
532	538
532	539
532	757
533	538
533	536
533	541
533	663
534	535
534	542
534	536
534	538
534	929
535	542
535	753
536	538
536	541
537	540
537	543
538	663
538	840
538	816
538	539
539	542
539	541
539	799
540	543
541	542
541	969
541	878
542	710
544	545
544	620
544	676
544	570
544	553
544	987
545	563
545	568
545	553
545	965
545	918
545	780
545	801
546	572
546	563
546	625
546	553
546	862
546	676
546	855
546	734
546	844
547	548
547	549
547	561
547	647
547	642
547	605
547	648
547	846
548	561
548	565
548	642
548	641
548	628
548	803
549	565
549	561
549	550
549	605
549	628
549	642
549	647
550	634
550	642
550	846
550	706
550	561
550	647
550	807
550	648
550	681
551	559
551	552
551	558
551	853
551	837
551	611
551	883
551	608
551	566
552	630
552	941
552	626
552	558
552	843
552	618
553	635
553	613
553	801
553	662
553	922
554	650
554	557
555	560
555	640
555	564
555	571
555	607
555	556
555	624
555	996
555	772
555	644
556	571
556	607
556	564
556	560
556	640
556	990
556	624
556	959
557	650
558	632
558	562
558	567
558	629
558	618
558	566
558	608
559	632
559	630
559	562
559	611
559	567
559	932
559	608
560	607
560	624
560	640
560	564
560	571
560	644
560	632
560	886
561	634
561	605
561	647
561	641
561	565
562	618
562	608
562	900
562	762
562	677
562	715
563	572
563	568
563	612
563	619
563	902
563	965
563	620
564	607
564	640
564	644
564	732
564	661
564	571
565	628
565	648
565	641
565	758
566	626
566	972
566	715
567	618
567	630
567	629
567	868
567	760
567	906
567	767
567	762
568	606
568	890
568	765
568	871
568	887
568	965
568	780
570	619
570	613
570	627
570	612
570	635
570	922
570	787
570	862
571	640
571	607
571	644
571	624
572	635
572	623
572	965
572	802
572	676
572	844
573	616
573	889
574	601
574	582
574	583
575	585
575	719
575	932
576	598
576	603
576	578
576	593
576	596
576	592
577	595
577	579
577	995
577	806
577	793
577	719
578	593
578	603
578	596
578	599
578	589
578	592
579	591
579	595
579	769
579	813
580	595
580	877
580	719
580	688
581	586
581	584
581	590
582	583
582	601
583	602
583	588
584	590
584	586
584	719
584	849
585	604
585	854
586	590
586	689
587	688
587	652
587	771
588	601
589	603
589	593
589	592
589	599
589	598
589	596
589	784
589	836
591	688
591	877
591	718
592	593
592	596
592	599
592	598
593	603
593	599
593	598
593	596
594	692
595	784
595	873
596	599
596	598
596	603
596	852
597	600
597	921
597	875
598	599
598	603
599	603
599	727
600	956
600	755
603	692
603	972
603	721
604	712
605	647
605	641
605	648
605	738
605	874
605	917
606	612
606	638
606	613
606	625
606	834
606	902
606	871
607	640
607	624
607	989
607	644
608	629
608	611
608	630
608	762
608	944
608	626
609	645
609	646
609	617
609	637
609	720
609	861
609	842
609	622
610	639
611	618
611	762
611	677
611	932
611	906
612	638
612	778
612	619
612	613
613	635
613	667
613	627
613	621
613	965
613	676
613	918
613	801
613	780
614	631
614	649
614	643
615	631
615	649
615	643
617	622
617	637
617	645
617	937
617	720
617	646
618	629
618	900
618	702
618	760
618	632
618	626
619	620
619	778
619	667
619	952
619	902
620	627
620	638
620	623
620	621
620	635
621	623
621	627
621	667
621	778
621	924
622	637
622	646
622	645
622	973
622	996
623	627
623	638
623	894
624	644
624	640
624	880
624	845
625	638
625	890
625	778
625	918
626	630
626	853
626	632
626	762
626	886
626	793
626	803
627	667
627	851
627	948
627	965
628	648
628	634
628	647
628	846
629	630
629	906
629	632
629	715
629	944
630	632
630	768
631	649
631	643
631	990
632	868
632	677
634	647
634	978
634	797
634	648
634	641
634	642
635	638
635	963
635	802
635	729
636	820
637	646
637	645
637	861
637	842
638	844
638	729
638	780
638	948
638	802
639	871
640	644
640	713
641	647
641	648
642	647
642	758
642	648
643	649
644	860
644	974
645	973
645	861
645	646
645	720
646	996
646	861
647	846
647	892
648	784
651	794
651	694
651	731
651	767
652	841
652	769
652	825
652	786
652	905
652	718
652	719
653	655
653	911
653	779
653	722
653	711
653	735
653	943
653	693
654	723
654	857
654	913
654	722
654	847
654	863
654	923
654	700
654	696
654	711
654	735
655	847
655	741
655	913
655	928
655	943
655	735
655	723
655	722
655	696
655	782
656	758
656	899
656	909
656	964
656	750
656	781
656	945
656	967
656	865
656	992
656	876
656	814
656	733
657	680
657	899
657	909
657	658
657	964
657	962
657	740
657	814
657	939
657	917
657	733
657	721
657	984
657	790
658	733
658	758
658	790
658	985
658	910
658	939
658	750
658	899
658	707
658	950
658	876
658	994
658	874
658	933
659	694
659	912
659	731
659	970
659	703
659	767
659	988
659	669
659	706
659	783
659	728
659	700
659	743
660	723
660	943
660	913
660	857
660	928
660	661
660	847
660	683
660	936
660	741
660	696
660	923
660	751
660	779
660	901
661	943
661	782
661	779
661	711
661	860
661	696
661	923
661	911
661	741
661	664
661	751
661	770
661	786
661	857
661	863
662	922
662	802
662	780
662	855
662	765
662	902
662	851
662	924
662	918
662	871
662	987
663	757
663	816
663	870
663	878
663	969
663	753
663	674
663	840
663	714
663	761
663	747
663	799
663	896
663	838
663	710
664	936
664	770
664	915
664	980
664	673
664	751
664	782
664	723
664	683
665	830
665	829
665	831
665	879
666	776
666	805
666	791
666	702
666	869
666	821
666	785
666	828
666	696
667	778
667	890
667	801
668	681
668	749
669	884
669	935
669	833
669	789
669	835
669	867
669	701
669	849
670	919
670	800
670	887
670	819
670	856
670	699
670	736
670	949
670	989
670	848
670	977
670	746
671	866
671	930
672	858
673	980
673	915
673	936
673	693
673	770
673	923
673	735
673	741
673	863
674	877
674	786
674	841
674	718
674	745
674	938
674	873
674	990
674	903
674	977
674	974
674	730
674	709
674	700
674	759
674	942
674	995
674	806
674	905
674	823
674	813
674	947
675	981
675	850
675	931
675	708
675	713
676	871
676	834
676	987
676	851
676	951
676	922
676	965
676	948
676	765
676	855
677	900
677	768
677	906
677	754
677	941
677	932
677	760
677	944
677	827
677	715
677	843
678	744
678	958
678	752
678	763
679	956
679	755
679	774
679	999
679	921
679	836
679	807
679	908
679	925
679	875
680	959
680	758
680	790
680	917
680	764
680	707
680	933
680	733
680	721
680	945
680	979
680	939
680	883
680	985
680	874
680	891
680	950
681	749
682	695
682	705
682	691
682	837
682	940
682	966
682	977
682	692
682	689
682	808
682	991
682	742
683	923
683	943
683	857
683	860
683	722
683	741
683	723
683	928
683	863
683	735
683	911
683	696
683	913
683	782
683	847
684	737
684	960
685	997
685	975
685	815
685	957
685	993
686	835
686	884
686	854
686	849
686	833
686	935
686	904
686	919
687	885
687	739
687	882
687	766
687	742
687	756
687	717
687	797
687	698
688	947
688	938
688	700
688	784
688	823
688	832
688	709
688	903
688	818
688	905
688	859
688	730
688	773
688	719
688	990
688	978
688	705
688	994
688	718
688	974
688	745
688	824
688	972
688	712
688	759
689	808
689	940
689	691
689	692
689	837
689	695
689	893
689	991
689	705
689	743
690	916
690	976
690	920
690	892
690	904
690	752
690	934
690	897
691	893
691	705
691	695
691	816
691	966
691	940
691	837
692	695
692	893
692	940
692	808
692	991
692	705
692	966
692	837
692	755
693	980
693	751
693	770
693	928
693	915
693	860
693	782
693	863
694	988
694	783
694	912
694	986
694	706
694	728
694	884
694	970
694	767
694	703
694	743
694	772
694	794
695	991
695	705
695	940
695	966
695	893
695	837
695	994
695	882
696	847
696	711
696	782
696	928
696	913
696	723
696	943
696	741
696	735
696	863
696	915
696	876
696	817
696	857
696	722
696	779
697	848
697	927
697	926
697	949
697	699
697	919
697	736
697	856
697	819
697	800
697	746
698	882
698	804
698	885
698	797
698	739
698	766
698	756
698	717
698	726
698	942
699	927
699	848
699	961
699	800
699	926
699	856
699	887
699	746
699	949
699	881
699	792
699	989
700	825
700	974
700	813
700	824
700	818
700	718
700	994
700	730
700	771
700	852
700	827
700	786
700	898
700	995
700	998
700	841
700	972
700	938
700	759
700	709
700	806
700	978
701	789
701	867
701	835
701	833
701	884
701	899
701	849
701	922
702	805
702	821
702	713
702	710
702	732
702	872
702	776
702	791
702	828
702	785
702	877
703	794
703	731
703	912
703	743
703	728
703	898
703	970
703	988
703	783
703	986
703	772
704	738
704	827
704	745
704	852
704	727
704	813
704	718
704	818
704	825
704	806
704	877
704	972
704	823
704	898
704	841
704	939
704	725
704	880
704	938
704	705
704	719
704	905
704	771
704	769
705	837
705	808
705	940
705	893
705	966
705	821
705	991
706	912
706	772
706	970
706	808
706	767
706	783
706	731
706	794
706	743
706	986
706	740
707	874
707	758
707	984
707	950
707	945
707	740
707	750
707	712
707	909
707	764
707	967
707	865
707	840
707	803
707	891
707	788
707	883
707	985
707	790
707	876
708	850
708	931
708	981
708	753
709	938
709	784
709	759
709	769
709	898
709	877
709	806
709	730
709	942
709	727
709	905
709	725
709	813
709	953
709	947
709	825
709	745
709	852
709	903
709	974
709	718
709	712
709	773
709	859
710	753
710	870
710	714
710	838
710	929
710	816
710	799
710	757
710	840
710	747
710	761
710	873
710	969
710	878
711	723
711	782
711	779
711	923
711	928
711	943
711	915
711	847
711	913
711	980
711	797
711	741
712	730
712	818
712	784
712	745
712	759
712	718
712	972
712	825
712	947
712	769
712	852
712	905
712	719
712	823
712	786
712	738
712	725
712	827
712	841
712	832
712	859
712	873
712	995
712	877
712	793
713	785
713	795
713	732
713	872
713	791
713	821
714	870
714	799
714	998
714	969
714	816
714	878
714	753
714	757
715	868
715	944
715	932
715	941
715	886
715	754
715	768
715	843
715	760
716	810
716	796
717	756
717	797
717	742
717	885
717	766
717	882
717	888
717	739
718	719
718	938
718	784
718	859
718	745
718	806
718	905
718	942
718	978
718	977
718	827
718	813
718	832
718	903
718	759
718	722
718	786
718	841
718	880
718	995
718	727
718	734
719	903
719	773
719	873
719	994
719	738
719	974
719	898
719	880
719	793
719	771
719	995
719	818
719	947
719	977
719	990
720	724
720	982
720	973
720	937
720	996
720	842
720	792
720	914
721	874
721	985
721	909
721	959
721	790
721	865
721	992
721	917
721	794
721	945
721	967
721	781
721	899
721	891
721	883
722	857
722	741
722	863
722	928
722	911
722	860
722	782
722	913
722	751
722	923
722	943
722	758
722	779
723	735
723	928
723	847
723	770
723	751
723	857
723	741
723	936
723	911
723	782
723	863
723	913
723	923
724	861
724	842
724	996
724	937
724	792
724	982
724	973
724	828
725	823
725	942
725	978
725	903
725	953
725	727
725	947
725	806
725	938
725	769
725	994
725	759
725	859
725	786
725	852
725	773
726	954
726	974
727	806
727	974
727	903
727	972
727	859
727	994
727	738
727	880
727	786
727	873
728	912
728	772
728	783
728	970
728	986
728	762
728	899
729	924
729	951
729	963
729	894
729	845
729	787
729	844
729	922
729	987
729	801
729	851
729	871
729	948
730	852
730	827
730	759
730	938
730	823
730	953
730	806
730	978
730	773
730	947
730	995
730	793
730	859
730	771
730	977
730	739
731	767
731	912
731	783
731	988
731	986
731	970
731	772
731	794
731	743
732	805
732	869
732	791
732	821
732	872
732	968
732	776
732	785
733	790
733	740
733	910
733	891
733	984
733	750
733	781
733	939
733	959
733	945
733	814
733	979
733	950
733	917
734	926
734	746
734	949
734	848
734	961
734	881
734	800
734	927
735	857
735	779
735	911
735	913
735	943
735	936
735	751
735	923
735	847
735	899
736	989
736	856
736	887
736	961
736	819
736	800
736	926
736	919
736	881
736	839
737	960
737	895
738	841
738	995
738	953
738	784
738	852
738	827
738	942
738	994
738	745
738	990
738	873
738	938
738	786
738	854
738	977
738	823
739	882
739	766
739	797
739	885
740	967
740	985
740	750
740	917
740	883
740	984
740	814
740	803
740	790
740	764
740	933
740	959
740	788
740	962
740	865
741	913
741	857
741	863
741	923
741	980
741	770
741	793
741	911
741	782
741	829
742	756
742	797
742	885
742	804
742	946
743	767
743	970
743	988
743	912
743	757
743	783
743	772
743	794
744	763
744	752
745	806
745	905
745	877
745	818
745	947
745	771
745	972
745	977
745	793
745	823
745	825
745	786
745	903
745	908
745	773
745	832
746	989
746	961
746	819
746	856
746	848
746	839
746	926
746	949
746	919
746	881
746	887
746	927
747	929
747	969
747	998
747	840
747	761
747	838
747	799
747	757
747	753
748	875
748	836
748	908
748	921
748	956
748	925
748	970
748	999
748	807
748	774
748	997
750	933
750	758
750	979
750	909
750	967
750	876
750	865
750	917
750	788
750	874
750	920
750	836
750	964
750	849
751	980
751	936
751	770
752	763
753	816
753	840
753	929
753	799
753	761
753	969
753	878
753	767
753	757
754	768
754	906
754	944
754	868
754	886
754	941
754	760
754	839
755	956
755	999
755	875
755	908
755	921
755	925
755	837
756	804
756	766
757	929
757	998
757	799
757	838
757	969
757	870
758	945
758	959
758	874
758	910
758	876
758	962
758	814
758	933
758	964
758	883
758	860
758	994
759	898
759	769
759	995
759	873
759	974
759	824
759	832
759	852
759	880
759	813
759	771
759	903
759	905
759	942
759	786
759	938
760	941
760	768
760	901
760	868
760	900
760	944
760	886
760	762
761	870
761	929
761	969
761	838
761	799
761	878
761	766
762	932
762	825
763	958
764	992
764	985
764	950
764	781
764	788
764	883
764	803
764	917
764	891
764	814
764	967
764	830
764	874
765	871
765	834
765	948
765	902
765	922
765	802
765	855
765	918
766	804
766	797
766	885
767	970
767	988
767	794
767	803
767	783
767	986
768	944
768	906
768	868
768	843
768	941
768	901
769	938
769	832
769	824
769	994
769	953
769	995
769	947
769	873
769	784
769	972
769	977
769	898
769	903
769	990
769	825
770	936
770	980
770	857
771	978
771	905
771	793
771	974
771	972
771	813
771	932
771	784
771	995
771	818
771	825
771	953
771	877
771	977
771	898
771	947
771	994
771	808
772	988
772	986
772	912
772	783
773	841
773	903
773	827
773	806
773	852
773	977
773	905
773	995
773	974
773	832
773	786
774	956
774	925
774	836
774	908
774	875
774	921
774	999
774	807
775	790
775	876
775	945
775	962
775	874
775	933
775	883
775	979
775	984
775	803
775	917
775	788
776	791
776	805
776	785
776	937
776	968
776	795
776	821
776	828
777	955
777	798
777	809
778	890
778	862
779	911
779	943
779	923
779	980
779	915
779	857
779	795
780	902
780	834
780	948
780	787
780	965
780	845
780	801
780	963
780	987
780	924
781	909
781	964
781	790
781	959
781	788
781	967
781	917
781	950
781	874
781	962
781	933
781	939
781	899
781	979
781	985
782	923
782	913
782	863
782	860
782	911
782	943
783	794
783	988
783	986
783	970
783	912
784	825
784	953
784	823
784	793
784	859
784	873
784	806
784	938
784	832
784	841
784	947
784	818
784	905
784	942
784	978
785	791
785	795
785	968
785	805
785	869
785	821
786	942
786	813
786	824
786	880
786	877
786	978
786	806
786	903
786	825
786	905
786	947
786	934
787	844
787	924
787	851
787	845
787	963
787	871
787	802
787	894
787	902
788	945
788	950
788	803
788	985
788	909
788	964
788	933
788	917
788	979
788	967
788	814
788	910
789	867
789	888
789	884
789	835
789	833
789	849
789	854
790	909
790	876
790	992
790	959
790	967
790	933
790	945
790	964
790	814
790	939
790	865
790	874
790	985
790	891
790	899
790	910
790	962
791	795
791	821
792	982
792	996
792	973
792	861
792	937
792	842
793	859
793	974
793	827
793	852
793	990
793	877
793	938
793	818
793	905
793	824
793	832
793	919
793	806
793	978
793	994
794	988
794	912
795	828
795	968
795	805
795	825
795	893
797	882
797	804
797	885
798	809
798	955
799	878
799	929
799	838
799	840
799	969
799	816
799	870
799	990
799	911
799	998
800	856
800	989
800	819
800	839
800	848
800	949
801	871
801	987
801	802
801	918
801	965
801	948
801	845
801	924
801	834
801	890
801	894
802	965
802	922
802	948
802	963
802	987
802	951
802	924
802	845
802	834
802	918
803	962
803	814
803	874
803	883
803	909
803	939
803	992
803	995
803	916
803	933
804	882
804	869
805	869
805	872
805	828
805	821
805	968
806	898
806	905
806	859
806	818
806	942
806	953
806	978
806	841
806	824
806	873
806	947
806	990
806	977
806	825
807	956
807	921
807	925
807	908
808	837
808	966
808	893
808	945
808	879
808	888
809	920
811	858
813	972
813	880
813	990
813	947
813	903
813	841
813	877
813	995
813	818
813	852
813	978
814	917
814	876
814	891
814	874
814	985
814	950
814	992
814	939
814	962
814	909
814	933
814	964
814	967
814	979
815	993
815	957
816	838
816	929
816	870
816	969
816	998
816	878
816	911
817	914
818	832
818	942
818	898
818	841
818	953
818	877
818	977
818	905
818	824
818	903
819	856
819	887
819	961
819	881
819	989
819	919
820	826
820	907
820	822
821	872
821	968
821	828
821	848
822	864
822	826
822	907
823	974
823	947
823	995
823	841
823	942
823	905
823	877
823	873
823	953
823	827
823	903
823	978
823	832
824	995
824	978
824	832
824	974
824	841
824	972
824	947
824	873
824	953
824	898
824	852
824	905
824	990
825	827
825	947
825	972
825	995
825	859
825	977
825	880
825	990
825	994
825	938
826	907
826	864
827	852
827	978
827	942
827	859
827	947
827	903
827	994
827	841
827	938
827	972
827	926
827	953
827	873
828	872
828	869
828	968
828	978
829	831
829	879
829	830
829	833
829	929
830	831
830	869
830	950
830	879
831	879
832	972
832	880
832	877
832	938
832	898
832	974
832	852
832	905
832	986
832	990
833	888
833	854
833	884
833	935
834	965
834	902
834	922
834	987
834	894
834	871
834	963
835	867
835	935
835	849
835	874
836	925
836	921
836	999
836	956
836	908
836	986
836	893
836	838
837	940
837	991
837	838
837	969
837	966
837	973
838	969
838	998
838	840
839	989
839	856
839	927
839	949
839	919
839	887
839	961
840	998
840	969
840	929
840	878
840	896
840	870
841	852
841	990
841	977
841	994
841	905
841	978
841	873
841	942
841	953
841	995
841	887
842	973
842	861
842	937
842	996
842	982
843	886
843	906
843	932
843	941
843	900
843	901
844	924
844	952
844	963
844	851
844	951
844	845
844	902
845	951
845	851
845	987
845	952
845	948
845	902
845	965
845	895
846	989
847	936
847	860
847	979
847	863
847	928
847	944
847	938
848	927
848	926
848	989
848	881
848	865
848	961
848	856
849	888
849	935
849	854
849	867
849	884
850	931
850	981
851	894
851	963
851	952
851	855
851	948
851	918
852	978
852	947
852	953
852	994
852	942
852	903
852	990
852	905
852	859
852	995
853	932
853	891
853	906
853	886
854	884
854	935
854	888
854	998
854	891
854	964
855	922
855	918
855	965
855	902
855	862
856	961
856	949
856	926
856	881
856	989
856	887
856	927
857	923
857	943
857	911
857	863
857	980
857	928
859	942
859	880
859	903
859	995
859	938
859	972
859	873
859	994
859	990
859	953
860	943
860	911
860	913
860	928
861	973
861	996
861	937
861	982
862	890
862	902
862	885
863	911
863	936
863	913
863	923
863	943
864	907
865	939
865	967
865	979
865	964
865	950
865	985
865	910
865	883
865	874
866	930
867	888
867	935
868	941
868	906
868	901
868	914
868	886
869	968
869	872
870	929
870	998
871	902
871	951
871	965
871	924
871	922
873	938
873	994
873	880
873	978
873	972
873	947
873	977
873	903
873	898
873	877
873	905
874	933
874	967
874	959
874	984
874	891
874	876
874	939
874	945
874	883
875	908
875	999
875	921
875	956
875	925
876	962
876	883
876	945
876	964
876	891
876	992
876	959
876	967
876	985
877	898
877	947
877	972
877	956
878	929
878	969
879	896
879	984
879	925
880	995
880	905
880	898
880	903
880	947
880	938
880	990
881	926
881	927
881	887
881	949
881	919
881	989
881	961
882	885
883	967
883	992
883	939
883	985
883	933
883	891
883	917
883	979
883	964
883	910
883	899
884	888
884	935
886	906
886	932
886	901
886	944
887	919
887	949
887	927
887	984
888	935
888	908
890	965
891	979
891	959
891	992
891	917
891	964
891	962
891	933
891	950
891	984
891	913
891	985
891	945
892	934
892	976
892	904
892	920
892	897
892	916
892	901
893	966
893	940
894	924
894	952
894	965
894	902
894	987
895	960
896	943
897	904
897	920
897	976
897	934
897	916
897	984
898	905
898	990
898	978
898	942
898	977
898	903
898	938
898	953
899	985
899	909
899	979
899	945
899	962
900	901
900	906
900	941
900	944
901	944
901	941
901	932
901	906
902	965
902	918
902	963
902	922
903	947
903	938
903	994
904	916
904	934
904	920
904	976
904	955
905	942
905	994
905	977
906	944
906	941
908	921
908	999
908	925
909	964
909	933
909	992
909	950
909	939
909	910
909	984
909	967
909	959
909	962
910	985
910	939
910	974
910	959
910	933
910	917
910	962
911	913
911	928
911	923
912	970
912	986
912	952
913	943
913	992
913	928
915	980
915	936
915	923
916	976
916	920
916	985
917	964
917	979
917	959
917	950
917	945
918	922
918	987
919	926
919	949
919	989
919	927
920	934
920	976
921	925
921	956
921	999
922	948
922	965
923	928
923	943
924	951
924	963
924	952
924	987
926	927
926	961
927	949
927	961
928	943
929	969
931	981
932	944
933	964
933	967
933	992
934	976
934	992
937	996
937	973
937	982
938	995
938	977
938	972
938	974
938	953
938	942
939	945
939	950
939	962
939	992
939	967
939	985
939	964
940	991
941	944
942	953
942	947
942	978
942	995
943	999
945	992
945	962
945	979
946	954
947	953
947	974
947	995
947	990
947	972
948	987
948	965
948	951
949	989
949	961
949	976
950	959
950	992
950	979
950	984
951	963
951	952
952	963
952	965
953	990
953	972
953	977
953	995
953	978
956	999
957	975
957	993
957	997
959	962
959	967
959	992
959	964
959	979
961	967
962	984
962	967
962	979
963	987
964	984
964	982
966	991
969	998
970	988
970	986
972	974
972	994
973	996
973	982
974	990
974	995
974	994
977	995
978	994
979	985
979	992
982	996
984	985
986	988
990	994
993	997
