0	908
0	999
0	826
0	869
0	907
0	836
0	709
1	653
1	711
1	708
1	935
1	930
1	996
1	850
2	999
2	797
2	871
2	713
2	972
2	822
2	666
3	713
3	948
3	795
3	829
3	890
3	836
3	687
3	756
3	965
3	748
4	695
4	962
4	489
4	7
4	828
5	994
5	795
5	756
5	797
5	934
5	739
5	719
5	909
5	824
6	858
6	803
6	698
6	871
6	947
6	841
6	773
6	337
7	947
7	494
7	871
7	803
8	407
8	11
8	934
8	13
8	612
9	11
9	632
9	873
9	629
9	14
9	15
9	378
10	202
10	14
11	13
11	15
11	398
11	289
12	277
12	14
12	403
14	482
15	774
16	326
16	18
16	22
17	23
17	19
17	21
17	726
18	457
18	23
18	20
19	21
19	241
19	23
19	20
19	783
20	23
20	249
20	316
21	22
21	829
23	74
24	838
24	772
24	878
24	816
24	757
24	728
24	714
25	28
25	782
25	681
25	726
25	779
25	975
25	678
25	881
26	980
26	752
26	751
26	106
26	664
26	770
27	744
27	996
27	975
27	724
27	847
27	708
27	848
28	887
28	866
28	975
28	746
28	884
29	30
29	747
29	777
29	851
29	889
29	914
30	772
30	840
30	889
30	761
30	663
30	969
31	863
31	888
31	926
31	954
31	937
31	517
31	699
32	37
32	948
33	455
33	34
33	36
33	38
33	37
34	37
34	748
34	39
34	132
35	37
35	39
35	144
36	38
36	37
37	656
37	935
37	133
38	39
38	243
38	430
39	553
39	630
39	772
40	46
40	44
40	136
40	47
40	823
41	43
41	45
41	143
41	47
41	44
41	46
41	142
42	45
42	44
42	325
42	65
42	936
42	47
42	141
43	141
43	138
43	46
43	142
43	139
44	142
44	427
44	45
44	870
45	136
45	138
46	47
46	142
47	141
47	142
47	143
48	52
48	55
48	648
48	664
48	54
48	313
49	55
49	52
49	717
49	50
50	52
50	53
50	55
51	55
51	854
52	875
52	53
52	54
52	316
53	54
53	389
54	412
54	697
55	149
55	795
55	524
56	61
56	561
56	559
56	554
56	563
56	548
56	552
57	59
57	63
57	546
57	549
57	544
57	60
57	553
57	569
58	61
58	560
58	307
58	59
58	556
58	454
59	555
59	710
60	61
60	62
60	545
60	561
60	648
60	566
61	568
61	573
61	62
61	564
61	546
62	552
62	554
62	546
62	572
63	552
63	569
63	549
63	555
63	572
63	563
63	564
64	69
64	245
64	70
64	247
64	242
64	71
65	245
65	240
65	243
65	246
65	69
66	69
66	244
67	71
67	68
67	246
67	247
68	69
68	246
68	245
68	172
69	71
70	245
70	108
70	612
70	244
71	77
71	240
72	75
72	73
72	77
72	74
72	498
73	75
73	74
73	77
73	189
74	75
74	630
75	77
75	957
76	78
76	79
77	401
78	79
80	175
80	81
80	83
80	87
80	330
80	82
80	560
81	84
81	86
81	87
82	86
82	85
82	104
83	139
83	438
84	85
85	86
85	214
85	606
85	673
86	345
86	122
86	587
87	998
88	90
88	797
88	828
88	215
88	93
88	518
89	93
89	94
89	91
89	424
90	91
90	93
91	95
91	128
91	915
92	93
92	94
93	992
93	455
93	95
93	123
94	314
94	394
95	689
95	753
96	99
96	512
96	318
96	103
97	102
97	412
97	100
98	100
98	306
98	99
98	895
99	103
99	101
99	102
99	502
100	379
100	540
101	948
102	489
102	354
103	456
104	111
104	106
104	187
105	200
105	107
105	106
106	277
106	334
106	448
106	107
107	109
107	110
107	820
108	111
108	168
108	359
108	785
108	732
108	819
108	109
109	850
110	994
110	730
112	119
112	113
112	411
112	213
112	208
112	272
113	116
113	411
113	543
113	119
113	213
113	210
114	413
114	417
114	115
114	318
114	535
114	414
114	363
114	536
114	313
115	416
115	415
115	118
115	539
115	117
116	119
116	543
116	213
117	415
117	413
117	412
117	409
117	539
117	487
117	536
117	542
117	319
118	417
118	415
118	535
118	473
118	314
118	315
118	409
119	213
119	210
119	537
119	543
120	123
120	218
120	126
120	223
120	124
120	217
120	125
121	223
121	217
121	216
121	432
121	123
121	263
122	124
122	123
122	219
122	216
122	218
122	221
123	125
123	221
123	470
124	217
124	218
124	216
124	126
124	219
125	217
125	521
125	222
126	127
126	222
126	221
127	218
127	220
127	223
127	222
127	216
127	217
128	133
128	129
129	130
129	131
129	134
129	211
130	131
130	372
131	132
131	134
131	595
132	135
132	479
132	412
133	515
133	180
133	613
133	795
134	135
135	821
135	353
136	140
136	137
136	142
136	138
136	336
137	361
137	529
138	140
138	143
138	139
139	143
139	718
140	141
140	143
141	143
142	308
144	149
144	145
145	151
145	146
145	147
146	150
146	149
146	151
147	151
148	185
150	160
150	504
151	455
152	159
152	156
153	157
153	155
153	158
153	154
154	155
154	158
154	157
155	158
155	157
155	300
156	159
157	936
160	161
160	162
161	165
161	162
162	165
163	167
163	166
163	471
164	167
164	166
164	607
165	769
166	167
168	174
168	175
168	782
169	175
169	171
169	329
169	174
170	172
170	171
170	173
171	614
171	174
171	810
172	173
172	869
172	174
173	175
173	740
174	588
175	401
175	202
175	843
176	181
176	180
177	180
177	182
177	178
177	796
178	182
178	972
179	182
179	180
179	756
180	181
180	732
180	847
181	183
181	922
181	539
181	623
181	614
182	805
182	545
183	974
183	811
184	469
184	186
184	190
184	939
184	295
185	190
185	978
185	188
186	387
186	652
186	188
186	902
187	497
187	189
188	323
188	189
188	191
189	700
189	713
190	312
190	191
191	778
192	193
192	194
192	197
192	225
192	312
193	194
193	198
193	197
193	226
194	197
194	198
194	231
195	196
195	199
196	199
197	198
197	231
198	227
198	225
200	202
200	874
200	990
200	201
201	204
201	203
201	286
201	202
201	207
202	455
202	205
202	684
202	255
203	740
203	204
203	515
204	493
204	681
206	207
206	910
206	231
207	255
208	210
208	213
208	250
209	412
209	664
209	541
211	214
211	212
211	416
211	415
211	215
211	236
212	215
212	535
213	317
214	361
214	900
214	312
214	315
214	533
215	414
215	534
216	217
217	223
217	221
217	219
218	219
218	430
218	223
219	222
219	223
220	223
220	274
220	865
222	223
223	545
224	226
224	361
224	229
225	230
225	227
225	562
226	228
226	230
226	944
226	954
227	229
227	228
227	231
228	230
228	231
228	793
229	230
230	851
230	557
231	644
231	326
232	238
232	235
232	236
232	418
232	422
232	420
232	424
232	846
232	423
232	233
233	420
233	345
233	719
234	426
234	509
234	817
235	237
235	421
235	274
235	495
235	427
236	859
236	521
236	238
236	872
236	239
236	423
237	239
237	418
237	422
237	427
237	419
237	421
238	485
238	420
239	740
239	427
240	243
240	628
240	397
241	245
241	244
241	242
241	991
242	243
242	251
243	247
243	246
243	244
244	247
244	245
245	247
245	246
246	247
248	252
248	987
248	886
248	251
248	250
248	253
248	254
248	255
249	255
250	304
250	642
251	254
251	252
253	374
253	680
253	268
254	255
254	299
255	968
255	311
256	431
256	263
256	435
256	258
256	437
257	260
257	433
257	867
257	434
258	261
258	262
258	259
258	429
259	262
259	430
259	437
259	433
259	263
260	263
260	431
260	432
260	542
260	433
261	437
261	435
261	450
262	436
262	431
262	429
262	437
263	434
263	514
264	267
264	269
264	270
264	775
264	533
264	650
264	265
264	266
265	267
265	266
265	268
265	270
265	529
267	269
267	271
267	784
267	270
268	940
268	979
269	573
269	473
270	619
271	313
271	501
271	711
272	273
272	275
272	829
272	613
273	279
273	451
273	578
274	275
274	277
274	279
274	830
275	278
276	717
276	279
276	926
277	278
277	459
277	695
278	279
278	606
280	285
280	287
280	283
281	283
281	282
281	290
282	473
283	285
283	886
284	285
284	377
284	287
284	331
285	287
285	286
287	704
287	808
287	977
287	975
288	291
288	289
288	290
288	293
289	293
289	628
289	818
289	295
289	351
290	291
290	294
290	292
290	779
290	408
291	295
291	402
291	342
292	295
293	984
294	295
295	934
296	300
296	303
296	298
297	301
297	299
297	302
298	303
298	300
299	301
300	303
301	302
302	480
304	311
304	910
304	802
305	309
305	308
306	309
306	310
307	309
307	378
307	310
308	311
308	354
309	310
309	841
310	918
310	550
311	676
311	813
312	315
312	318
312	533
312	538
312	314
312	408
313	318
313	533
313	416
313	319
313	408
313	315
313	409
314	318
314	319
314	542
314	533
314	484
314	416
314	417
315	319
315	536
315	534
315	409
316	532
316	536
316	319
316	533
316	535
317	543
317	537
317	410
318	412
318	535
319	542
319	534
320	324
320	325
321	324
321	680
321	896
321	322
321	327
322	325
322	323
322	326
322	541
323	830
323	327
323	324
323	326
324	976
324	456
325	326
325	395
326	408
326	726
326	559
327	832
328	335
328	329
328	333
328	394
328	649
329	335
329	332
329	667
329	764
329	849
329	331
330	335
330	525
330	332
330	487
331	922
331	728
333	334
333	807
334	959
334	977
334	335
335	721
336	341
336	342
336	338
336	337
337	342
337	338
337	341
338	341
338	342
338	833
339	344
339	343
339	461
340	343
340	344
341	342
343	344
345	348
345	350
345	346
346	350
346	554
347	351
348	350
348	392
349	350
349	352
352	483
352	948
354	361
354	950
354	357
355	361
355	827
355	406
355	502
355	577
356	483
356	358
356	359
356	360
357	358
357	362
357	708
357	757
358	362
359	362
359	691
359	797
359	665
359	611
360	379
360	499
361	752
361	471
363	370
363	364
363	371
363	867
364	365
364	371
364	370
364	527
365	371
365	370
365	743
365	773
366	369
366	368
366	367
367	368
367	369
368	369
370	371
370	485
371	375
372	498
372	377
372	379
373	376
373	387
374	375
375	376
376	379
377	380
379	623
379	952
381	383
381	387
381	388
382	387
382	768
382	883
383	388
383	831
383	386
383	425
384	491
384	389
385	403
385	387
385	386
386	389
386	611
387	389
390	392
390	452
390	397
391	394
392	398
392	397
393	394
393	396
393	776
393	397
394	476
395	605
395	504
396	766
397	398
398	454
399	402
399	406
400	503
400	409
400	407
400	445
401	771
401	608
401	403
401	404
402	406
402	915
404	407
404	847
404	405
404	652
406	407
408	413
408	409
408	470
408	536
409	425
409	414
410	411
410	540
410	502
411	543
412	413
412	414
412	415
413	414
413	542
413	534
413	536
414	417
414	539
415	417
415	532
415	535
416	417
416	539
417	542
418	420
418	426
418	427
418	423
418	766
418	650
418	422
419	424
419	425
419	422
420	422
420	426
420	421
420	887
420	935
421	423
421	422
422	424
423	425
423	426
424	425
424	445
425	459
427	962
428	430
428	435
428	434
428	703
429	430
429	434
429	435
429	431
429	437
429	502
430	433
430	432
431	435
431	434
432	434
432	435
434	437
435	436
435	716
435	574
436	437
438	443
438	440
438	514
438	442
439	443
439	442
439	484
439	924
440	442
440	443
440	822
441	446
441	444
441	447
443	513
444	446
444	445
444	447
444	640
445	447
445	446
446	447
446	590
447	509
448	454
448	452
449	454
449	488
449	989
449	453
450	500
450	452
450	455
451	457
451	967
451	456
452	832
452	679
453	454
453	646
453	457
453	471
453	920
455	456
457	568
458	466
458	462
458	459
459	463
459	464
459	460
459	462
460	464
460	466
460	463
460	462
460	954
460	940
461	465
461	467
462	463
462	464
463	466
463	464
463	982
464	466
465	467
466	620
468	471
468	469
468	477
468	475
469	476
469	472
470	477
470	472
470	473
470	475
470	831
471	715
472	477
472	948
472	476
473	476
474	477
474	476
475	644
476	895
478	480
478	987
478	485
479	482
479	485
479	497
480	485
480	481
481	484
481	486
482	532
482	958
483	485
485	959
486	487
487	658
488	491
488	869
488	511
489	495
489	493
489	798
490	496
490	492
490	495
490	494
491	494
491	497
492	496
492	522
495	496
495	497
496	497
498	865
498	796
498	747
498	631
499	505
499	853
499	504
500	706
500	506
501	507
501	509
501	868
502	504
503	505
503	698
503	702
504	507
505	506
506	508
506	507
506	509
507	529
507	698
507	508
508	618
510	520
510	518
510	516
511	515
511	514
511	679
512	519
512	520
512	806
512	513
514	527
514	985
514	517
514	520
515	517
515	518
515	618
516	519
517	520
517	912
517	519
517	837
520	712
521	526
521	530
522	525
522	528
523	805
523	528
524	528
524	715
524	527
525	531
525	530
525	936
526	531
526	528
528	676
528	838
529	647
530	985
531	853
532	541
532	535
532	533
532	538
532	539
533	538
533	536
533	541
534	535
534	542
534	536
534	538
535	542
536	538
536	541
537	540
539	542
539	541
541	542
541	646
544	567
544	545
544	564
544	562
544	552
544	641
545	558
545	563
545	551
545	569
545	879
546	561
546	572
546	554
546	563
546	548
547	548
547	557
547	566
547	562
547	549
548	572
548	556
548	562
548	561
548	565
549	563
549	557
549	554
549	560
549	565
550	566
550	572
550	564
551	559
551	571
552	557
552	564
552	981
553	557
553	565
553	566
554	558
555	560
555	557
555	569
556	568
558	563
558	572
558	573
559	565
559	572
560	570
561	568
561	570
561	562
562	764
563	572
563	564
563	568
563	569
565	570
566	570
567	569
567	570
567	572
568	569
569	570
570	571
571	572
571	634
571	751
571	802
574	601
574	582
575	584
575	589
575	576
575	577
575	596
576	584
576	598
576	579
577	578
577	599
577	596
577	604
578	593
578	584
578	581
579	591
579	584
579	585
579	599
579	603
580	596
580	589
580	586
580	595
580	590
580	585
580	901
581	591
581	603
581	604
582	587
582	583
582	600
583	600
583	602
584	590
584	589
584	598
584	593
584	847
585	595
585	604
586	599
586	593
586	603
586	591
587	600
587	601
587	602
587	594
588	594
588	597
589	603
589	591
590	603
592	604
592	593
592	596
593	603
593	595
593	599
595	604
597	602
597	601
598	604
599	603
600	601
605	629
605	611
605	637
605	612
605	614
605	606
605	615
605	627
605	630
606	644
606	612
606	624
606	631
606	615
606	648
606	638
607	643
607	635
607	621
607	646
607	649
607	625
608	634
608	613
608	629
608	624
608	609
608	611
608	641
608	616
608	637
609	612
609	645
609	647
609	641
609	625
609	646
609	613
609	634
609	621
610	633
610	639
610	636
611	612
611	617
611	623
611	634
611	635
611	643
612	649
612	650
612	637
612	624
613	617
613	642
613	625
613	647
613	640
614	647
614	620
614	627
614	646
614	623
615	645
615	625
615	630
615	650
615	631
615	620
615	648
615	642
616	641
616	643
616	621
616	644
616	649
616	624
616	640
616	632
616	622
616	880
617	622
617	650
617	641
617	630
617	627
617	637
617	623
617	629
618	631
618	627
618	644
618	625
619	634
619	650
619	642
619	620
619	646
620	627
620	646
620	631
620	648
620	638
620	650
621	624
621	623
621	629
621	641
621	640
621	627
621	622
621	631
622	630
622	631
622	638
622	635
622	649
622	629
623	640
623	635
623	646
623	643
623	628
624	645
624	630
624	650
624	629
625	642
625	644
625	641
625	626
626	628
626	650
626	637
626	641
627	643
627	644
627	628
627	631
627	640
628	638
628	637
628	646
628	644
629	634
629	645
629	725
630	649
630	632
630	648
631	648
632	645
632	648
632	644
632	642
633	639
633	636
634	635
634	890
635	637
635	648
636	639
637	642
637	648
638	647
640	643
641	647
641	650
641	645
642	644
642	646
642	647
643	644
647	649
648	649
651	796
651	951
651	663
651	787
651	889
651	896
651	777
651	794
652	841
652	920
652	921
652	679
652	855
652	820
652	992
653	655
653	927
653	931
653	961
653	911
653	848
653	779
653	849
654	819
654	919
654	931
654	887
654	723
654	708
654	678
654	669
654	857
654	913
654	932
655	678
655	926
655	812
655	982
655	701
655	670
655	686
655	847
655	741
655	884
655	958
656	966
656	880
656	836
656	827
656	897
656	825
656	811
656	956
656	700
656	758
657	680
657	990
657	785
657	977
657	698
657	899
657	904
658	662
658	862
658	825
658	765
658	841
658	733
659	851
659	798
659	952
659	955
659	694
659	761
659	672
659	912
660	670
660	946
660	982
660	744
660	842
660	996
660	734
660	723
661	819
661	930
661	708
661	881
661	800
661	997
661	685
661	861
661	982
661	919
661	943
661	957
661	958
662	991
662	826
662	689
662	692
662	808
662	691
662	745
662	938
662	790
662	994
663	851
663	970
663	955
663	703
663	896
663	817
663	772
663	986
664	936
664	737
664	770
665	953
665	820
665	766
665	765
665	774
665	801
665	877
666	784
666	776
666	733
666	804
666	813
667	676
667	705
667	758
667	803
667	820
668	888
668	973
668	848
668	763
668	699
668	696
668	815
668	866
668	792
668	850
668	842
668	856
668	993
669	884
669	678
669	935
669	711
669	833
669	989
669	983
669	699
669	997
670	696
670	812
670	919
670	722
670	861
670	946
670	800
670	887
670	819
670	958
671	857
671	961
671	997
671	949
671	734
671	937
671	856
671	927
672	794
672	710
672	951
672	743
672	703
672	896
672	747
672	728
672	845
672	844
672	798
672	694
672	878
673	895
673	980
673	915
674	822
674	877
674	967
674	786
674	679
674	841
674	853
675	866
675	741
675	993
675	857
675	763
675	848
675	981
675	744
675	961
675	850
675	839
675	779
675	958
675	683
676	942
676	756
676	828
676	852
676	864
676	903
677	900
677	768
677	906
677	754
677	941
678	954
678	888
678	833
678	723
678	863
678	971
678	919
678	848
678	989
678	857
678	930
678	741
678	782
678	923
679	832
679	976
679	991
679	803
680	765
680	807
680	793
680	771
680	864
680	959
681	856
681	973
681	928
681	792
681	744
681	839
681	946
681	975
681	949
681	930
681	943
681	812
681	982
682	905
682	831
682	709
682	695
682	705
682	727
682	972
683	685
683	973
683	819
683	937
683	720
683	792
683	736
683	686
683	923
683	943
683	789
684	737
684	770
684	980
685	686
685	819
685	887
685	789
685	726
685	997
685	943
685	981
685	926
685	884
685	961
685	931
686	981
686	722
686	746
686	861
686	835
686	723
686	699
686	884
686	860
687	823
687	956
687	873
687	750
688	707
688	956
688	705
688	890
688	947
688	874
688	938
688	721
688	765
689	718
689	877
689	814
689	712
689	820
689	808
690	805
690	821
690	786
690	939
691	893
691	813
691	902
691	877
691	790
692	695
692	899
692	942
692	918
692	781
693	895
693	980
693	970
694	988
694	998
694	845
694	783
694	912
694	889
694	787
694	840
695	841
695	865
695	890
695	750
695	918
696	835
696	847
696	973
696	726
696	711
696	782
697	789
697	779
697	935
697	848
697	849
697	863
697	983
697	857
697	946
698	748
698	910
698	877
698	872
698	814
699	996
699	779
699	860
699	927
699	975
699	833
700	831
700	934
700	825
700	974
701	734
701	735
701	856
701	763
701	847
701	961
701	997
701	812
701	789
701	720
701	867
701	946
702	864
702	976
703	844
703	817
703	998
703	924
703	794
703	838
704	733
704	738
704	827
704	875
704	745
704	852
704	831
705	871
705	739
705	891
705	994
705	882
705	781
705	890
705	898
706	963
706	889
706	914
706	894
706	710
706	924
707	759
707	773
707	874
707	859
707	758
707	984
707	823
707	805
707	953
707	965
708	726
708	800
708	854
708	982
708	815
709	897
709	962
709	938
709	784
709	759
709	769
709	739
710	753
710	870
710	714
710	963
710	914
710	838
710	955
711	849
711	723
711	782
711	779
711	957
711	949
711	954
711	923
711	839
711	928
711	993
711	835
712	730
712	805
712	818
712	987
712	991
712	902
712	921
713	826
713	916
714	777
714	870
714	772
714	970
714	731
714	845
714	955
715	868
715	944
715	932
715	941
716	729
716	787
716	986
716	772
716	889
716	955
716	951
716	878
717	984
717	813
717	733
717	756
718	778
718	948
718	976
719	908
719	903
719	837
719	882
719	742
720	849
720	724
720	954
720	866
720	857
720	983
720	931
720	815
720	949
721	807
721	776
721	874
721	985
721	762
721	968
722	835
722	857
722	849
722	884
722	789
722	861
722	866
722	741
722	958
722	919
723	961
723	789
723	881
723	812
723	954
723	726
724	975
724	839
724	949
724	989
724	861
724	911
724	842
724	887
724	981
724	996
725	885
725	823
726	958
726	867
726	857
726	835
726	919
726	735
726	856
727	939
727	826
727	806
728	799
728	912
728	914
728	889
728	772
728	798
728	894
729	783
729	955
729	889
729	969
729	924
729	878
729	951
729	809
730	934
730	810
730	814
731	840
731	757
731	889
731	767
731	969
731	845
731	816
732	921
732	880
732	822
732	977
732	797
733	877
733	795
733	790
734	996
734	931
734	926
734	971
734	884
734	735
734	928
734	812
734	755
735	749
735	848
735	937
735	866
735	815
736	935
736	954
736	763
736	989
736	943
736	861
736	857
736	856
736	973
737	960
737	936
737	915
737	895
737	752
738	876
738	841
738	766
738	925
738	995
738	907
738	750
739	883
739	874
739	908
739	992
739	976
739	904
739	899
739	771
740	893
740	828
740	773
740	967
741	957
741	884
741	792
741	949
741	913
741	800
741	857
741	863
741	983
742	808
742	788
742	795
742	964
743	870
743	952
743	878
743	796
744	863
744	763
744	997
744	931
744	848
744	935
744	961
744	860
744	993
744	887
744	746
745	876
745	830
745	820
745	910
745	976
746	957
746	842
746	835
746	989
746	850
746	792
746	961
747	951
747	787
747	817
747	929
747	963
747	914
747	969
747	912
747	998
747	840
748	874
748	750
748	858
748	771
748	785
749	789
749	949
749	989
749	842
749	835
749	863
750	892
750	999
750	940
750	837
750	942
750	907
750	810
750	853
750	776
751	895
751	980
751	752
752	915
752	936
753	787
753	986
753	816
753	840
754	768
754	906
754	944
755	765
755	756
755	759
755	852
756	984
756	858
756	956
757	929
757	889
757	796
757	998
758	977
758	871
758	824
759	862
759	855
759	820
759	898
759	769
759	995
759	873
759	985
759	939
760	941
760	768
760	901
760	868
760	900
760	944
761	845
761	894
761	912
761	851
762	837
762	830
762	820
762	987
763	782
763	946
763	815
763	850
763	857
763	861
763	927
763	996
764	972
764	892
764	829
764	897
765	862
766	823
766	804
766	797
766	795
766	916
766	933
767	799
767	924
767	952
767	894
767	809
767	870
767	838
768	944
769	899
769	967
769	918
769	874
769	938
770	936
770	980
771	822
771	876
771	788
772	879
772	894
772	914
772	817
772	988
773	803
773	987
773	807
773	822
774	991
774	885
774	814
775	978
775	790
775	969
776	917
776	902
776	837
776	977
776	876
777	817
777	796
777	799
778	820
778	823
778	858
778	917
779	792
779	850
779	911
779	971
780	976
780	795
780	947
780	827
780	864
780	877
780	925
780	979
781	902
781	909
781	947
781	991
781	877
781	903
781	797
782	954
782	973
782	835
782	923
782	812
783	840
783	870
783	952
783	889
784	902
784	875
784	825
785	832
786	846
786	967
786	918
786	788
787	817
787	912
787	844
787	896
787	914
788	880
788	813
788	858
788	871
788	872
788	934
789	996
789	913
789	881
789	981
789	792
790	855
790	873
790	813
791	921
791	945
791	994
791	979
791	795
791	984
792	867
792	887
792	982
792	996
792	973
792	961
793	950
793	934
793	948
793	910
794	851
794	879
794	817
794	955
795	806
795	918
795	907
796	929
796	816
796	799
796	889
796	817
796	963
796	896
797	865
797	925
797	905
798	809
798	896
798	988
798	889
798	914
798	963
799	970
799	878
799	952
799	929
800	884
800	867
800	856
800	975
800	861
801	876
801	814
801	871
801	832
801	939
802	846
802	966
803	826
803	834
804	990
804	830
804	947
805	869
805	979
805	824
806	950
806	830
806	898
807	871
807	828
807	920
807	995
808	837
808	862
809	952
809	969
810	821
810	830
810	934
811	987
811	813
812	854
812	884
812	927
812	919
812	928
812	971
812	835
812	857
812	983
812	946
812	937
813	846
813	956
813	902
814	855
814	917
814	876
814	990
814	987
814	999
815	884
815	913
816	838
816	929
816	988
816	879
816	870
816	912
816	851
816	986
817	952
817	894
817	914
817	878
819	971
819	857
819	849
819	958
819	867
820	962
820	909
821	882
821	853
821	974
821	904
821	834
821	866
822	890
822	966
823	940
823	974
823	826
823	834
823	947
824	893
824	899
824	959
825	827
825	853
825	962
826	984
826	909
826	891
826	836
826	893
827	979
827	872
827	853
827	950
828	874
828	883
828	832
829	987
830	834
830	974
831	962
831	846
833	881
833	888
833	913
833	923
833	861
834	967
835	958
835	927
835	989
835	996
835	839
835	993
835	847
835	930
836	925
836	947
836	891
836	987
836	968
836	990
837	921
837	978
837	940
838	894
839	989
839	930
839	931
839	981
839	928
839	937
839	847
839	946
839	867
840	844
840	986
840	998
841	858
841	922
842	973
842	997
842	884
842	958
842	981
842	888
842	850
842	989
843	886
843	906
843	932
843	941
844	924
844	952
844	963
845	870
845	955
845	969
845	912
846	916
846	987
846	872
847	856
847	931
847	919
847	937
848	983
848	928
848	946
848	971
848	943
849	856
849	961
849	997
849	982
849	888
849	928
850	860
850	993
850	861
850	971
850	975
851	878
851	914
851	912
852	904
852	871
852	978
853	991
854	983
854	881
854	911
854	860
855	916
855	967
855	964
856	911
856	928
856	982
856	975
856	923
856	961
856	949
856	946
856	993
857	923
857	943
857	973
857	981
857	911
857	926
858	968
858	920
859	934
859	976
859	942
859	891
859	933
860	926
860	884
860	930
860	919
860	866
860	961
860	997
860	983
861	993
861	931
861	884
862	966
862	939
862	922
862	987
862	959
862	883
862	904
863	971
863	982
863	911
863	930
863	888
864	959
864	984
864	962
864	964
864	945
865	904
865	987
865	994
866	937
866	931
866	926
866	983
866	975
866	884
867	997
867	983
867	888
867	911
868	941
869	964
869	934
869	939
870	955
870	894
871	877
871	873
872	995
872	934
873	902
873	938
873	948
873	933
874	905
875	977
875	910
875	991
876	921
876	880
877	945
878	929
878	924
878	894
879	889
879	998
880	934
881	926
881	973
881	958
881	913
881	928
882	902
883	967
883	916
883	947
883	978
883	897
884	983
884	943
885	890
885	933
886	906
886	932
886	901
886	944
887	946
887	996
887	997
887	911
888	982
888	973
888	996
889	952
889	970
889	988
890	925
891	979
891	972
891	987
891	925
891	947
891	892
892	934
893	910
893	995
894	914
894	970
895	960
896	970
896	929
896	986
897	962
897	910
898	905
898	976
898	917
899	902
899	908
900	901
900	906
900	941
901	944
901	941
901	932
903	940
903	991
904	964
904	942
904	905
905	965
905	916
905	966
906	944
906	941
907	942
907	977
908	967
908	950
909	920
909	964
909	933
909	953
909	992
911	913
911	981
912	970
912	929
912	955
913	946
913	919
913	981
915	980
915	960
916	942
918	942
918	976
919	926
919	949
919	935
920	965
921	977
922	976
922	966
922	925
923	930
923	958
923	961
923	936
925	972
925	959
926	971
926	928
927	954
927	958
928	957
928	975
929	951
930	954
930	949
930	935
930	943
931	949
931	993
934	979
937	957
937	989
940	992
942	953
942	945
942	962
943	954
945	995
946	973
946	982
946	981
946	971
947	953
948	962
949	954
950	959
950	968
951	963
951	998
952	970
953	990
954	982
955	986
956	978
956	992
958	961
958	983
961	975
961	993
963	998
965	977
966	984
966	999
966	990
968	977
969	998
970	998
972	974
981	993
981	982
982	997
983	993
986	988
990	992
992	994
