0	987
0	43
0	47
0	368
0	570
0	370
0	778
0	861
0	996
1	946
1	954
1	568
2	705
2	482
2	692
2	808
2	893
2	689
2	991
2	691
2	643
2	927
3	599
3	419
4	717
4	336
4	726
4	379
5	313
5	803
5	128
6	803
6	775
6	472
6	242
6	68
6	788
6	417
6	975
6	254
6	724
7	947
7	784
7	824
7	159
7	229
7	322
7	725
7	852
7	771
7	827
8	11
8	12
8	9
8	14
8	490
8	493
8	362
8	911
8	486
8	627
9	11
9	14
9	12
9	770
9	649
9	911
9	676
9	800
9	953
10	494
10	488
10	696
10	13
10	355
10	684
10	570
10	243
10	563
11	614
11	989
11	119
11	923
11	711
11	911
11	770
11	928
12	14
12	490
12	498
12	661
12	614
12	919
12	828
12	928
13	355
13	696
13	494
13	647
13	642
13	698
13	561
13	43
14	498
14	493
14	664
14	711
14	923
14	747
14	885
15	496
15	735
15	863
15	847
15	860
15	936
15	914
15	406
15	497
15	71
16	18
16	22
16	19
16	520
16	510
16	519
16	512
16	669
16	833
16	686
16	849
16	555
16	732
16	877
17	19
17	18
17	519
17	511
17	513
17	510
17	512
17	443
17	835
17	854
17	375
17	732
17	666
17	588
17	173
18	19
18	513
18	511
18	835
18	512
18	669
18	22
18	833
18	154
18	884
18	420
18	701
18	283
19	510
19	511
19	512
19	513
19	835
19	833
19	856
19	669
19	854
19	422
19	838
19	589
20	701
20	888
20	789
20	867
20	791
20	797
20	21
20	427
20	593
20	382
20	694
21	867
21	795
21	794
21	583
21	712
21	248
22	513
22	520
22	510
22	849
22	835
22	377
22	691
22	877
22	713
22	592
22	732
22	242
22	171
23	514
23	517
24	772
24	728
24	29
24	703
24	911
24	731
24	783
24	884
24	529
24	524
25	681
25	423
25	186
26	960
26	280
26	638
26	966
26	738
27	847
27	735
27	683
27	860
27	653
27	655
27	165
27	782
27	673
27	750
28	442
28	996
28	982
28	861
28	660
28	917
28	714
28	245
28	948
28	570
28	569
28	800
28	895
28	683
28	670
29	694
29	462
29	728
29	772
29	912
29	703
29	706
29	932
29	265
30	753
30	130
30	534
30	400
30	921
30	920
30	149
31	926
31	961
31	736
31	919
31	37
31	949
31	927
31	35
31	819
31	808
32	37
32	35
32	36
32	746
32	887
32	881
32	819
32	856
32	53
32	280
33	34
33	36
33	38
33	37
33	35
33	881
33	989
33	746
33	919
33	819
34	37
34	39
34	36
34	856
34	927
34	848
34	800
34	926
34	839
35	37
35	39
35	36
35	856
35	926
35	881
35	734
36	38
36	37
36	881
36	839
36	926
36	928
37	746
37	989
37	926
37	736
38	39
38	734
38	927
38	919
38	697
38	819
38	746
38	949
39	819
39	881
39	736
39	734
39	848
39	887
39	746
40	140
40	461
40	960
40	844
40	729
40	455
40	137
40	952
40	927
40	638
41	889
41	811
41	672
41	166
41	371
41	829
41	44
41	478
41	862
41	973
41	774
41	641
41	145
42	765
42	134
42	534
42	937
42	55
43	47
43	987
43	570
43	714
43	65
43	710
43	846
43	150
43	545
43	875
43	748
43	670
44	478
44	889
44	672
44	973
44	622
44	161
44	528
44	634
44	902
44	829
45	546
45	282
45	75
45	787
45	775
45	834
46	142
46	845
46	894
46	141
46	545
46	685
46	875
46	836
46	245
46	690
46	714
46	917
46	424
46	710
46	47
46	548
46	648
46	67
46	169
46	998
46	483
47	778
47	570
47	679
47	670
47	256
47	151
47	407
47	483
47	494
47	917
47	847
47	120
48	641
48	434
48	431
48	437
48	436
48	401
48	628
48	145
48	423
48	250
48	550
48	622
48	528
48	973
49	646
49	807
49	70
49	64
49	617
49	536
49	814
49	733
50	625
50	667
50	918
50	402
50	834
50	892
50	867
50	781
51	650
51	554
51	557
51	452
52	951
52	619
52	690
52	621
52	363
52	544
52	710
53	627
53	612
53	780
53	568
53	871
53	280
53	952
53	855
53	214
53	922
53	695
53	742
53	856
53	493
54	129
54	755
54	470
54	243
54	544
54	948
54	670
54	840
54	158
54	279
54	684
55	220
55	125
55	260
55	433
55	127
55	149
55	965
55	392
55	662
55	136
55	782
56	61
56	559
56	552
56	551
56	626
56	60
56	566
56	630
56	783
56	853
57	63
57	549
57	548
57	647
57	605
57	58
57	146
57	323
57	256
57	846
58	605
58	846
58	642
58	62
58	647
58	548
58	419
58	469
58	549
59	612
59	871
59	676
59	627
59	140
59	137
59	780
59	848
59	907
60	61
60	566
60	630
60	562
60	853
60	843
60	632
60	558
60	113
61	632
61	853
61	611
61	566
61	626
61	886
61	411
62	547
62	63
62	642
62	605
62	647
62	407
62	934
62	987
62	148
63	549
63	642
63	648
63	647
63	605
63	469
63	243
63	974
64	70
64	613
64	335
64	251
64	663
64	849
64	733
64	797
65	245
65	993
65	67
65	679
65	875
65	246
65	698
65	569
65	714
66	957
66	242
66	240
66	114
66	775
66	417
66	313
66	463
66	523
66	412
67	836
67	861
67	245
67	845
67	469
67	409
67	569
67	755
68	997
68	244
68	128
68	925
68	842
68	415
68	724
68	539
68	284
69	241
69	251
69	646
69	792
69	799
69	910
69	707
69	721
69	492
70	241
70	600
70	999
70	757
70	658
70	747
70	964
71	748
71	246
71	545
71	840
71	111
71	407
71	72
71	496
72	368
72	987
72	243
72	129
73	896
73	879
73	830
73	144
73	406
73	332
74	952
74	623
74	855
74	638
74	844
75	202
75	282
75	546
75	787
75	788
76	194
76	342
77	755
77	129
77	337
77	875
77	141
78	447
78	981
79	869
79	791
80	327
80	631
80	439
80	81
80	933
80	842
80	925
81	933
81	327
81	412
81	631
81	833
81	564
81	774
82	85
82	140
82	453
82	855
82	871
82	780
82	952
82	881
82	711
82	689
83	139
83	86
83	914
83	276
83	261
84	392
84	851
84	940
84	753
84	802
84	387
84	314
84	97
84	921
84	435
85	729
85	610
85	366
85	466
85	844
85	734
85	451
85	100
86	139
86	261
86	793
86	914
87	635
87	927
87	589
87	877
87	443
87	925
88	734
88	663
88	814
88	489
88	964
88	484
89	93
89	773
89	719
89	898
89	818
89	786
89	823
89	291
89	938
89	678
90	979
90	767
90	931
90	947
91	95
91	381
91	382
91	805
91	731
91	248
91	888
92	94
92	328
92	977
92	595
92	877
92	384
92	785
92	950
92	713
92	833
93	376
93	487
93	865
93	205
93	873
93	711
93	719
93	928
94	328
94	977
94	968
94	524
94	950
94	785
94	959
94	686
94	801
95	712
95	795
95	583
95	103
95	232
95	381
95	701
95	382
95	789
96	101
96	337
97	99
97	958
97	405
97	125
97	753
98	133
98	706
99	958
99	723
99	473
99	653
100	290
100	291
100	744
100	752
101	670
102	678
102	696
102	465
102	982
102	846
102	987
103	286
104	109
104	163
104	991
105	106
105	110
105	450
106	110
106	167
107	167
107	164
108	719
108	773
108	507
109	163
110	156
111	866
111	483
111	442
111	570
112	113
112	411
112	213
112	208
112	210
112	271
112	901
112	768
112	932
112	843
113	411
113	213
113	210
113	317
113	265
113	271
113	264
113	900
114	417
114	313
114	539
114	842
114	415
114	645
114	492
114	724
114	463
115	117
115	663
115	761
115	541
115	162
115	784
115	413
115	682
115	750
116	161
116	528
116	829
116	622
116	913
117	413
117	874
117	518
117	414
117	816
117	984
117	663
117	814
117	761
118	409
118	710
118	373
118	748
118	840
118	751
118	755
118	678
118	714
118	546
119	362
119	928
120	221
120	256
120	432
120	605
120	648
120	418
120	169
120	894
120	246
120	679
120	545
121	219
121	124
121	218
122	430
122	259
122	428
123	222
123	126
123	429
123	257
123	604
123	262
123	302
123	908
124	218
124	219
125	127
125	220
125	435
125	260
125	433
125	830
125	831
125	851
126	222
126	262
126	429
126	596
126	257
126	990
126	907
126	824
126	485
127	220
127	433
127	260
127	435
127	399
127	406
127	765
127	831
127	405
127	940
128	132
128	724
128	242
128	254
128	417
128	720
128	240
128	415
129	243
129	255
129	755
129	483
129	963
129	836
129	670
129	252
129	748
129	136
130	134
130	440
130	209
130	136
130	765
130	260
130	965
131	609
131	908
131	536
131	335
131	757
131	984
131	553
131	492
131	807
131	797
132	842
132	254
132	883
132	240
132	460
132	170
132	807
132	443
133	160
133	851
133	136
133	314
133	753
133	930
133	830
133	354
134	937
134	940
134	392
134	380
135	637
135	996
135	982
135	861
135	246
135	670
135	542
135	840
135	256
135	678
136	802
136	896
136	572
136	215
136	723
136	481
136	890
136	399
136	404
137	729
137	844
137	610
137	746
137	871
137	638
137	615
137	591
138	284
138	287
138	639
138	714
138	400
139	914
139	974
139	274
140	844
140	280
140	623
140	729
140	871
140	676
140	922
141	633
141	569
141	894
141	982
141	142
141	648
141	934
142	845
142	569
142	894
142	545
142	586
142	637
142	998
142	698
142	542
142	875
142	679
142	948
142	836
142	465
142	684
142	778
142	544
142	252
143	460
143	997
143	539
143	957
143	956
144	149
144	399
144	406
144	405
144	400
144	802
144	147
144	433
144	921
145	437
145	401
145	431
145	423
145	628
145	434
145	436
145	654
146	150
146	151
146	356
146	488
146	648
146	545
146	998
146	755
146	384
147	399
147	405
147	149
147	400
147	468
147	937
148	150
148	151
148	549
148	544
148	469
148	221
148	488
148	407
149	406
149	188
149	293
149	333
150	239
150	963
150	755
150	917
150	877
150	211
150	407
151	407
151	245
151	569
151	488
151	331
151	221
151	714
152	449
152	199
153	157
153	154
153	375
153	184
153	378
154	157
154	377
154	378
155	506
155	790
155	306
155	827
155	349
155	229
156	810
157	374
157	375
157	184
158	418
159	903
160	332
160	481
161	528
161	829
161	622
162	329
164	167
165	190
165	221
166	672
166	889
166	247
166	774
168	248
168	867
168	924
168	909
168	319
168	772
168	706
168	880
168	769
169	469
169	252
169	256
169	542
170	254
170	842
170	539
170	244
170	720
171	174
171	474
171	476
171	475
171	173
171	780
171	855
171	938
171	728
172	173
172	174
172	475
172	476
172	923
172	378
172	207
172	864
172	884
172	510
173	474
173	475
173	277
173	555
173	476
173	833
173	686
174	476
174	475
174	474
174	773
174	328
174	520
174	607
175	758
175	790
175	899
176	180
176	178
176	183
177	182
177	179
177	216
178	180
178	183
179	182
179	428
180	183
180	182
181	182
181	800
181	766
182	949
184	971
185	379
185	345
185	719
186	436
187	189
187	735
187	720
188	753
188	771
189	190
189	496
190	936
191	503
191	990
191	817
192	193
192	225
192	351
192	852
193	226
193	652
193	506
193	790
194	959
194	352
194	505
194	877
195	196
196	531
197	712
197	560
197	427
197	382
197	875
198	526
198	347
198	464
198	787
199	590
200	280
200	676
200	882
201	858
201	616
201	742
202	546
202	404
203	620
203	656
204	307
204	745
204	852
205	818
205	865
206	587
206	990
206	981
207	595
207	821
208	210
208	213
208	410
208	317
208	266
208	264
208	268
208	900
208	886
209	215
209	534
209	400
209	802
209	354
210	266
210	411
210	269
210	271
210	843
210	268
210	566
211	442
211	993
211	748
211	660
211	245
211	545
211	714
211	363
211	683
212	413
212	316
212	315
212	677
212	476
212	910
212	969
212	814
212	613
212	799
213	317
213	411
213	270
213	932
213	269
213	868
213	772
214	315
214	533
214	761
214	870
214	929
214	816
214	484
214	910
214	972
215	534
215	921
215	399
215	920
216	217
216	263
217	263
218	219
219	629
220	260
220	433
220	435
221	432
221	647
221	407
221	256
221	698
221	787
222	262
222	257
222	429
222	383
222	509
222	503
222	907
222	675
223	258
223	261
223	659
223	347
223	522
223	583
224	305
224	331
224	230
224	579
224	793
225	227
225	226
225	228
225	229
225	580
225	942
225	859
225	635
225	759
226	228
226	227
226	730
226	905
226	229
226	320
226	718
226	972
227	229
227	228
227	231
227	725
227	972
227	824
227	771
227	942
228	231
228	771
228	972
228	738
228	806
228	962
228	351
229	674
229	322
229	825
229	321
229	730
230	709
230	974
230	832
230	326
230	338
230	305
230	701
231	759
231	341
231	953
231	388
231	674
231	730
231	995
231	704
232	427
232	701
232	909
232	531
233	420
233	237
233	422
233	348
233	872
233	835
234	239
234	419
234	424
234	668
234	642
234	748
234	875
235	236
235	425
235	403
235	437
235	360
236	238
236	425
236	436
236	434
237	422
237	420
237	510
237	309
237	512
238	425
238	550
238	980
238	722
239	419
239	252
239	256
239	368
239	586
240	997
240	925
240	883
240	720
240	539
240	460
240	803
241	553
241	609
241	939
241	251
241	999
241	646
241	416
241	750
242	539
242	842
242	997
242	975
242	463
242	244
243	470
243	255
243	755
243	948
243	714
243	621
243	998
243	934
243	496
244	775
244	313
244	720
244	803
244	883
244	925
244	724
245	836
245	875
245	845
245	917
246	637
246	714
246	875
246	861
246	869
246	679
247	774
247	622
247	973
247	862
247	829
247	437
247	550
248	319
248	888
248	789
248	731
248	659
248	644
249	471
249	992
249	814
250	431
250	403
250	401
250	628
250	371
251	335
251	492
251	646
252	605
252	660
252	863
253	748
253	917
253	840
253	637
253	996
253	586
254	883
254	720
255	470
255	755
255	934
255	432
256	432
256	647
256	548
256	605
256	970
256	418
256	337
256	836
256	710
257	429
257	262
257	383
257	485
258	261
258	331
258	602
258	708
258	772
258	805
259	430
259	428
260	433
260	572
260	473
260	662
260	481
260	670
260	565
261	575
261	659
261	502
261	530
261	850
261	712
262	429
262	509
262	817
262	649
264	267
264	269
264	270
264	265
264	266
264	317
264	969
264	552
265	267
265	266
265	268
265	270
265	269
265	410
265	629
266	270
266	271
266	868
266	944
266	941
266	728
267	269
267	271
267	270
267	703
267	768
267	868
267	618
267	835
268	269
268	271
268	868
268	715
268	941
268	906
268	384
269	768
269	868
269	944
269	941
270	410
270	411
270	901
270	760
270	677
271	901
271	900
271	632
272	275
272	524
272	912
272	743
272	527
272	783
272	728
272	397
272	752
272	771
273	279
273	278
273	652
274	530
274	659
274	988
274	794
274	525
274	986
274	585
274	502
274	593
275	669
275	524
275	912
275	521
275	731
275	772
275	783
275	728
275	706
276	530
276	522
276	523
276	794
276	526
276	525
276	740
276	334
277	521
277	524
277	772
277	527
277	694
277	703
277	462
277	783
277	991
278	279
278	464
278	503
278	509
278	931
279	767
279	385
279	990
279	981
279	590
279	674
279	905
280	922
280	737
280	627
280	871
280	855
280	676
280	893
280	398
281	573
281	919
282	546
282	787
282	328
282	647
283	820
283	571
283	475
283	328
284	287
284	659
284	327
285	286
285	636
285	795
285	339
285	381
286	636
286	869
286	791
287	777
287	502
287	392
288	289
288	763
288	374
289	763
289	519
290	291
290	744
290	752
291	952
291	911
292	678
292	477
292	894
292	714
292	432
292	544
293	440
294	295
294	664
295	923
296	300
296	303
296	374
297	301
297	891
297	589
298	983
298	806
298	994
299	598
299	985
299	576
300	303
300	971
301	826
301	592
302	385
303	375
304	311
304	306
304	349
304	321
304	345
304	859
304	308
304	307
304	898
305	326
305	880
305	974
305	386
305	502
305	832
305	334
305	525
306	322
306	307
306	745
306	962
306	994
306	506
306	311
307	321
307	345
307	349
307	738
307	947
307	508
307	813
308	311
308	322
308	320
308	972
308	953
308	903
308	351
308	978
308	759
309	877
309	372
309	352
309	348
309	697
309	968
309	592
309	743
309	342
310	347
310	386
310	334
310	832
310	986
310	659
311	320
311	321
311	824
311	448
311	730
311	688
311	905
312	613
312	908
312	999
312	967
312	707
313	775
313	788
313	645
313	601
313	842
313	631
314	481
314	433
314	920
315	361
315	814
315	459
315	538
315	750
315	910
315	781
316	533
316	761
316	733
316	964
316	656
316	408
316	874
316	929
317	410
317	411
317	941
317	760
317	843
317	906
318	761
318	870
318	964
318	495
318	816
318	730
319	532
319	389
319	935
320	351
320	388
320	345
320	674
320	995
320	824
320	730
321	322
321	759
321	718
321	905
321	688
321	852
322	345
322	905
322	852
322	962
322	448
323	894
323	951
324	449
324	990
324	429
324	531
324	773
325	326
325	709
325	602
325	880
325	338
325	832
325	530
325	816
325	575
326	709
326	832
326	974
326	740
327	956
327	631
327	933
327	372
327	519
328	588
328	884
328	849
328	512
328	845
329	702
329	824
329	665
329	984
329	682
330	426
330	662
330	765
331	334
331	974
331	579
331	794
331	522
331	769
332	333
332	723
332	937
332	753
333	481
333	879
333	937
333	851
334	602
334	579
334	880
334	386
334	967
334	645
335	908
335	792
335	939
336	726
336	717
336	501
337	483
337	866
337	748
337	660
337	698
337	424
338	602
338	567
338	593
339	924
339	556
340	343
340	344
340	364
341	942
341	859
341	345
341	349
342	959
342	821
342	849
343	344
343	364
344	783
345	758
345	688
345	704
345	825
346	350
346	353
346	727
346	818
346	823
346	786
346	480
346	873
346	837
347	386
347	832
347	502
348	372
348	977
348	968
348	776
348	713
348	378
348	959
349	351
349	580
349	771
349	721
349	813
350	353
350	719
350	823
350	727
350	581
350	591
350	922
350	480
351	859
351	827
351	953
351	506
351	852
352	877
352	588
352	713
352	702
353	898
353	873
353	376
353	786
353	487
353	480
353	806
353	581
354	753
355	696
355	494
355	488
355	563
355	544
355	809
355	840
356	469
356	934
357	362
357	420
357	493
357	374
357	839
358	360
358	681
358	401
359	782
359	863
359	860
359	693
359	683
360	437
361	857
361	779
361	378
361	969
361	699
361	797
361	663
361	656
362	915
362	928
363	370
363	951
363	621
363	545
364	462
365	402
365	916
365	667
365	974
366	369
366	688
367	659
367	740
367	988
369	623
369	610
370	690
370	996
370	545
370	993
370	714
371	889
371	672
371	811
371	829
371	976
371	478
371	403
372	877
372	592
372	733
373	660
374	375
374	378
374	377
374	849
374	833
374	819
374	929
374	884
374	686
374	776
375	378
375	377
375	854
375	772
375	450
375	785
375	934
375	977
376	581
376	727
376	923
376	823
377	378
377	915
377	854
377	874
377	878
377	511
377	415
377	785
378	800
378	854
378	871
378	814
378	713
379	504
380	433
381	712
381	583
381	427
381	924
382	603
382	593
382	909
382	869
382	795
382	935
382	709
382	789
383	604
383	767
384	592
384	578
384	680
384	589
384	945
384	950
384	891
384	702
384	606
384	745
384	801
384	713
384	977
384	764
384	635
384	542
384	513
384	412
385	447
385	596
385	907
385	503
385	990
385	979
386	988
386	821
386	708
387	920
388	580
388	947
388	718
388	905
388	995
389	712
389	593
389	789
389	769
389	795
390	398
390	394
390	393
390	395
390	676
391	396
391	397
391	754
392	662
393	394
393	398
393	395
393	591
394	398
394	395
394	691
395	398
395	697
396	397
396	694
399	406
399	902
399	753
400	405
400	473
400	830
400	572
400	902
401	403
401	437
401	434
401	436
401	628
401	654
402	625
402	916
402	910
403	434
403	641
403	436
403	431
403	425
404	405
404	406
404	940
404	534
404	440
404	830
404	468
405	406
405	662
405	936
406	435
406	937
407	778
407	840
407	710
408	413
408	886
408	797
408	721
408	620
408	538
408	471
408	707
408	781
409	710
409	670
409	748
409	840
409	570
409	637
409	948
409	639
410	411
410	932
410	843
410	715
410	551
410	626
411	900
411	706
412	631
412	933
412	956
412	803
412	876
413	414
413	781
413	992
413	707
413	495
413	657
414	541
414	699
414	814
414	781
414	733
414	870
414	757
414	492
415	417
415	775
415	472
415	842
415	720
415	812
416	613
416	815
416	658
416	600
416	908
416	939
416	492
416	818
416	489
417	539
417	957
417	720
417	645
417	883
418	605
418	432
419	424
419	894
419	755
420	422
420	911
421	802
421	921
421	572
421	996
422	898
422	776
423	425
423	437
423	628
423	785
424	755
424	875
426	435
426	851
426	920
426	890
426	894
427	593
427	603
428	430
429	675
430	500
431	434
431	437
431	436
431	641
431	628
431	622
431	978
432	846
432	647
432	690
432	494
432	679
433	435
433	468
434	437
434	628
434	436
434	550
434	862
434	829
434	774
434	641
436	437
436	550
436	628
436	641
436	973
436	862
436	478
437	550
437	641
437	491
437	769
437	862
438	443
438	833
438	835
438	864
438	669
439	933
439	956
439	763
439	578
440	937
440	572
441	446
441	444
441	445
441	652
441	950
442	685
442	861
443	512
444	446
444	445
444	456
444	813
445	446
445	759
445	859
446	674
446	640
447	907
448	456
449	590
450	452
450	455
450	457
450	453
450	451
450	454
450	966
450	923
451	457
451	452
451	454
451	453
451	455
451	691
451	780
451	881
452	453
452	455
452	457
452	716
452	697
452	881
452	824
453	454
453	457
453	455
453	810
453	691
454	455
454	457
454	810
454	663
454	844
454	796
454	989
455	810
455	457
455	804
456	983
457	716
457	800
457	705
457	736
458	929
458	870
458	799
458	538
458	874
458	529
458	814
459	699
459	781
459	969
459	977
460	463
460	956
461	467
462	743
462	651
462	783
462	521
462	529
463	539
464	767
464	700
464	485
464	604
466	729
466	623
466	960
466	568
466	952
466	573
467	952
468	473
468	937
468	481
468	723
469	710
470	755
470	619
470	845
471	929
472	975
474	476
474	475
474	952
474	719
474	828
474	821
474	724
475	476
475	785
475	520
475	835
476	568
476	833
476	776
477	565
477	684
478	634
478	955
478	811
478	862
478	672
478	889
479	739
479	882
479	742
479	687
479	804
479	885
479	766
479	756
479	705
479	692
479	991
479	808
479	736
479	780
479	719
480	773
480	591
480	873
480	692
480	581
480	711
480	911
481	921
481	572
481	920
481	830
481	534
482	991
482	486
482	691
482	705
482	695
482	966
482	808
482	737
482	922
483	798
483	970
483	934
483	679
484	682
484	797
484	984
484	495
484	733
484	992
484	929
484	750
484	910
484	721
484	964
484	967
484	533
484	538
484	877
484	859
484	874
484	658
485	979
485	700
485	531
485	509
485	593
485	898
486	893
486	991
486	695
486	689
486	808
486	780
486	952
486	687
487	823
487	773
487	898
487	719
487	786
487	727
487	865
487	938
488	696
488	565
488	494
488	544
489	495
489	721
489	699
489	874
489	984
489	969
489	620
489	703
490	649
490	911
490	643
490	923
490	689
490	966
490	739
490	928
491	980
491	722
491	654
491	774
492	807
492	908
492	964
492	816
493	498
493	615
493	770
493	649
493	887
493	756
494	696
494	861
494	545
495	733
495	910
495	682
495	779
495	541
496	673
496	655
496	863
496	757
497	943
497	861
498	512
498	754
498	915
498	928
498	664
498	949
499	779
499	741
500	504
500	501
501	504
502	880
502	832
503	509
503	990
503	907
505	506
505	508
505	790
505	852
505	947
505	978
506	508
506	852
507	818
507	773
507	873
507	865
507	695
507	711
508	577
508	771
508	972
508	978
509	990
510	520
510	513
510	519
510	512
510	511
510	849
510	870
510	977
510	592
511	512
511	520
511	519
511	833
511	884
511	669
511	835
511	818
511	595
511	838
512	519
512	520
512	513
512	929
512	686
513	519
513	754
513	669
513	849
513	854
513	520
513	686
513	785
514	517
515	518
515	857
516	751
516	943
517	820
519	835
519	520
519	686
519	884
519	589
519	776
519	876
520	833
520	669
520	849
520	835
520	686
520	680
521	651
521	527
521	529
521	731
521	728
521	783
521	694
522	525
522	530
522	986
522	988
522	526
522	794
522	583
523	526
523	659
523	986
523	794
523	793
523	602
523	706
524	527
524	529
524	743
524	772
524	703
525	530
525	794
525	526
525	659
525	988
525	602
526	530
526	986
526	988
526	598
526	579
527	529
527	706
527	912
527	772
527	728
527	783
528	973
529	912
529	694
529	743
529	772
530	988
530	659
530	740
531	767
532	789
532	791
532	869
532	743
533	538
533	541
533	663
533	657
533	707
533	992
534	535
534	753
534	965
534	896
535	753
535	965
535	904
535	572
535	831
535	896
536	757
536	553
536	999
536	815
536	908
536	701
536	733
537	540
537	543
537	673
538	663
538	816
538	721
538	699
538	799
539	775
539	803
540	543
540	683
541	969
541	761
541	699
541	992
541	661
541	578
542	710
542	698
542	861
542	840
542	561
542	679
543	693
544	934
544	948
544	917
544	679
544	831
544	782
545	845
545	894
545	660
545	951
545	875
545	917
545	840
545	748
545	684
545	605
545	670
546	645
547	548
547	549
547	561
547	647
547	642
547	605
547	648
547	846
547	951
548	561
548	642
548	710
549	561
549	605
549	642
549	647
549	749
550	681
550	641
550	940
551	559
551	552
551	558
551	853
551	611
551	608
551	566
551	743
552	630
552	941
552	626
552	558
552	843
552	618
552	754
553	613
553	939
553	646
553	999
553	658
553	969
554	650
554	557
555	564
555	571
555	607
555	644
556	712
556	805
556	636
556	791
557	650
558	632
558	562
558	567
558	629
558	618
558	566
558	608
559	632
559	630
559	562
559	611
559	567
559	932
559	608
559	800
560	701
561	605
561	647
561	648
561	679
561	836
562	618
562	608
562	900
562	762
562	677
562	715
562	626
563	684
563	996
563	655
564	607
564	644
564	571
564	968
566	626
566	715
566	912
566	768
567	618
567	630
567	629
567	868
567	760
567	906
567	762
568	871
568	780
568	729
568	922
568	855
568	676
569	671
569	570
569	696
570	895
570	987
570	778
570	696
570	934
570	710
570	670
570	936
570	992
571	607
571	644
572	802
572	662
572	920
572	965
572	958
572	940
572	723
572	831
574	660
574	840
574	685
574	748
574	668
574	777
575	585
575	708
575	659
576	598
576	985
576	584
577	995
577	806
577	718
577	827
577	942
577	852
578	589
578	592
578	945
578	764
578	950
578	680
578	872
578	666
578	702
578	743
578	825
578	961
578	841
578	776
578	877
578	669
579	832
579	880
579	794
580	688
580	841
580	806
580	947
581	773
581	911
581	844
582	601
582	720
583	789
584	657
584	747
585	832
585	731
587	700
587	604
588	877
588	728
588	589
589	592
589	891
589	950
589	945
589	780
589	828
589	967
589	776
589	732
589	968
589	821
589	727
589	835
589	815
589	867
589	857
589	639
590	990
590	827
590	903
591	773
591	961
591	991
592	891
592	764
592	702
592	779
592	872
592	666
592	828
592	785
592	972
592	877
592	713
592	821
592	977
592	878
592	833
593	603
593	909
593	924
593	791
593	769
593	805
593	636
593	795
593	880
594	692
594	766
594	882
595	977
595	732
595	854
595	631
596	907
596	700
596	771
596	818
597	613
597	939
597	600
599	749
603	909
603	712
603	805
603	791
603	935
603	867
603	769
603	793
603	703
605	647
605	648
605	619
605	894
605	846
606	635
606	801
606	711
606	837
606	933
607	644
607	956
608	629
608	611
608	630
608	762
608	944
608	626
609	646
609	617
609	658
609	613
609	757
609	703
609	811
611	618
611	762
611	677
611	932
611	906
611	626
612	638
612	844
612	952
612	780
612	623
612	926
613	658
613	908
613	805
613	969
613	646
613	707
613	883
613	816
613	747
613	757
613	992
614	649
614	643
614	711
614	919
614	695
615	649
615	643
615	915
615	928
615	961
616	858
616	739
617	646
617	908
617	815
617	703
617	870
617	863
617	631
618	629
618	900
618	760
618	632
618	626
619	951
619	690
619	710
619	679
620	929
620	992
620	814
620	699
620	969
620	797
620	870
620	984
621	982
621	998
621	836
621	786
622	973
622	811
622	862
622	634
622	774
623	627
623	638
623	676
623	855
623	707
623	692
624	640
624	745
625	918
625	834
625	667
625	892
625	797
626	630
626	853
626	632
626	762
626	886
626	703
626	706
626	743
626	912
626	772
626	783
626	731
626	682
627	729
627	746
627	676
627	737
627	734
627	989
628	641
628	932
629	630
629	906
629	632
629	715
629	944
630	632
630	768
630	796
631	956
631	933
632	868
632	677
633	670
634	955
634	976
635	801
635	803
636	789
637	861
637	982
637	660
637	917
637	647
638	844
638	729
638	780
638	676
638	855
639	777
639	724
642	647
642	648
642	996
643	649
643	780
643	893
644	992
645	720
645	724
645	997
645	788
646	741
646	658
647	846
647	748
647	679
647	895
647	788
648	670
648	917
651	694
651	731
651	912
651	743
651	706
652	841
652	825
652	905
652	718
652	674
652	994
653	655
653	735
653	693
653	936
653	782
653	860
653	847
653	910
654	913
654	722
655	847
655	735
655	782
655	863
655	683
655	673
655	679
656	964
656	750
656	781
656	967
656	992
656	814
656	733
656	984
656	761
656	816
657	964
657	814
657	733
657	721
657	984
657	816
657	707
657	967
657	874
657	747
657	942
658	939
658	757
658	792
658	781
658	750
658	667
659	988
659	794
659	986
659	709
659	880
659	974
659	850
659	743
660	670
661	711
661	923
661	911
661	664
661	770
661	915
661	928
661	967
661	839
661	966
661	848
661	887
661	952
661	991
661	756
662	902
662	890
662	921
662	723
662	879
663	816
663	870
663	969
663	761
663	747
663	799
663	781
663	797
663	682
663	733
663	984
663	750
663	918
664	770
664	915
664	711
664	923
664	928
664	898
665	967
666	702
666	828
666	872
666	826
666	680
666	764
666	945
667	892
667	703
668	749
669	884
669	833
669	835
669	849
669	877
669	959
669	732
670	698
670	710
670	840
670	951
670	917
670	679
670	836
670	845
670	671
670	894
672	889
672	811
672	829
672	862
672	774
672	973
672	980
673	936
673	693
673	735
673	863
673	782
673	698
674	841
674	718
674	745
674	903
674	730
674	759
674	942
674	995
674	806
674	905
674	813
674	947
674	704
674	859
674	852
674	784
674	825
674	824
674	978
674	827
674	818
674	786
674	994
675	981
675	931
675	817
676	871
676	922
676	855
676	780
676	729
676	844
676	949
676	911
676	923
676	730
676	773
676	700
677	900
677	768
677	906
677	754
677	941
677	932
677	760
677	944
677	715
677	843
677	703
678	948
679	836
679	875
679	748
679	698
679	970
679	690
679	845
680	764
680	945
680	891
680	950
680	747
680	854
682	797
682	699
682	874
682	854
682	814
682	910
682	876
682	967
682	984
682	799
682	964
682	969
682	733
682	792
683	860
683	863
683	735
683	782
683	847
683	693
683	943
685	993
685	875
685	982
686	835
686	884
686	854
686	849
686	833
686	919
686	828
686	925
687	885
687	739
687	882
687	766
687	742
687	756
687	808
687	695
687	689
687	804
687	923
687	819
687	898
688	947
688	784
688	903
688	905
688	859
688	730
688	978
688	994
688	718
688	745
688	824
688	972
688	759
688	771
688	953
688	995
688	825
688	827
688	841
688	738
688	942
688	852
688	704
688	725
688	773
689	808
689	691
689	692
689	695
689	893
689	991
689	705
689	766
689	804
689	756
689	780
689	871
689	952
689	711
689	911
689	742
690	845
691	893
691	705
691	695
691	966
691	991
691	766
691	885
691	739
691	692
691	855
691	848
691	697
691	742
691	733
691	883
692	695
692	893
692	808
692	991
692	705
692	966
692	742
692	756
692	882
692	887
692	766
692	911
692	919
692	818
692	727
693	860
693	782
693	863
693	867
693	948
694	783
694	912
694	706
694	728
694	884
694	703
694	743
694	772
694	900
694	731
694	715
694	791
695	991
695	705
695	966
695	893
695	882
695	808
695	804
695	922
695	911
695	871
695	823
695	785
695	743
696	982
697	848
697	927
697	926
697	949
697	919
697	736
697	856
697	819
697	800
697	746
697	772
697	881
697	839
697	961
697	989
697	952
697	923
697	711
697	984
698	710
698	714
698	917
698	993
698	998
698	840
698	948
698	845
698	748
698	934
698	982
698	846
698	733
698	860
698	782
699	797
699	781
699	964
699	750
699	910
699	814
699	874
699	721
699	967
699	992
699	743
699	993
700	990
700	907
700	852
700	947
701	789
701	867
701	712
701	769
701	869
702	872
702	828
702	826
702	968
703	731
703	912
703	743
703	728
703	783
703	772
703	706
703	844
703	768
703	769
704	738
704	827
704	745
704	852
704	813
704	718
704	825
704	806
704	972
704	841
704	725
704	905
704	771
704	947
704	859
704	730
704	903
704	995
704	790
704	759
704	824
705	808
705	893
705	966
705	991
705	739
705	756
705	855
705	844
705	927
705	839
705	911
705	882
705	923
705	990
706	912
706	772
706	783
706	731
706	743
706	728
706	893
706	828
707	874
707	984
707	750
707	967
707	733
707	814
707	816
707	721
707	969
707	910
707	797
707	964
707	857
707	747
707	870
707	929
707	792
707	799
708	850
708	880
709	974
709	832
709	793
709	794
709	740
709	880
710	714
710	840
710	998
710	894
710	861
710	875
710	755
711	923
711	928
711	915
711	911
711	770
711	736
711	887
711	855
711	871
711	966
711	756
711	848
711	808
711	922
711	819
711	865
711	938
711	898
711	878
711	786
711	873
711	719
711	972
712	769
712	869
712	805
712	795
712	791
712	935
712	789
713	785
713	732
713	821
713	776
713	820
713	977
713	968
713	777
714	998
714	840
714	917
714	836
714	875
715	868
715	944
715	932
715	941
715	886
715	754
715	768
715	843
715	760
716	810
716	796
716	949
717	726
718	784
718	859
718	745
718	806
718	905
718	942
718	978
718	827
718	813
718	903
718	759
718	841
718	995
718	771
718	824
718	721
718	947
718	953
718	738
718	972
718	719
719	773
719	873
719	898
719	818
719	938
719	786
719	823
719	865
719	727
719	923
719	911
719	799
719	947
719	852
720	724
720	842
720	957
720	788
720	826
721	874
721	992
721	967
721	781
721	750
721	747
721	964
721	910
721	733
721	984
721	857
721	757
721	870
721	918
722	913
722	980
723	965
723	940
723	802
723	879
723	851
723	902
724	842
724	775
724	803
724	788
725	942
725	978
725	903
725	953
725	947
725	806
725	994
725	759
725	859
725	852
725	824
725	813
725	995
725	784
725	730
725	771
725	827
725	905
725	841
725	962
725	733
725	745
727	786
727	873
727	938
727	898
727	865
727	818
727	773
727	823
727	928
727	960
727	882
727	752
727	756
727	911
727	856
727	728
727	730
727	825
727	923
727	841
728	912
728	772
728	783
728	762
728	731
728	886
728	743
728	742
728	952
728	932
728	754
728	874
729	844
729	922
729	871
729	952
729	780
729	928
729	804
729	885
729	911
729	898
730	852
730	827
730	759
730	953
730	806
730	978
730	947
730	995
730	859
730	771
730	972
730	903
730	745
730	824
730	784
730	905
730	994
730	813
730	942
730	841
730	791
731	912
731	783
731	772
731	743
731	784
731	750
731	967
731	769
731	791
732	821
732	968
732	776
732	785
732	820
732	977
732	773
733	910
733	984
733	750
733	781
733	814
733	874
733	747
733	852
733	992
733	968
733	816
733	761
733	797
734	926
734	746
734	949
734	848
734	961
734	881
734	800
734	927
734	989
734	855
734	919
734	887
734	736
734	856
734	952
734	893
735	936
735	847
735	863
735	782
735	860
736	989
736	856
736	887
736	961
736	819
736	800
736	926
736	919
736	881
736	839
736	927
736	928
736	893
736	991
736	766
736	855
737	960
737	915
738	841
738	995
738	953
738	784
738	852
738	827
738	942
738	994
738	745
738	806
738	824
738	978
738	859
738	903
738	771
738	905
738	947
738	938
739	882
739	766
739	885
739	991
739	893
739	966
739	804
739	756
739	911
740	974
740	832
740	794
740	953
741	757
741	792
741	781
741	807
741	916
741	999
742	756
742	885
742	804
742	946
742	808
742	991
742	745
743	912
743	783
743	772
743	853
743	794
743	832
744	752
744	780
744	871
745	806
745	905
745	947
745	771
745	972
745	825
745	903
745	841
745	827
745	978
745	759
745	995
745	994
745	859
745	942
745	758
745	873
746	989
746	961
746	819
746	856
746	848
746	839
746	926
746	949
746	919
746	881
746	887
746	927
746	800
746	808
746	893
747	929
747	969
747	761
747	799
747	870
747	910
747	750
747	816
747	967
747	834
748	875
748	861
748	948
748	917
750	967
750	874
750	964
750	992
750	929
750	949
750	910
750	761
750	781
750	797
750	969
750	999
750	908
751	998
753	965
753	802
753	921
753	902
754	768
754	906
754	944
754	868
754	886
754	941
754	760
754	839
754	819
755	840
756	804
756	766
756	808
756	882
757	807
757	908
757	999
757	799
757	986
758	962
758	790
758	759
758	905
758	771
758	852
759	995
759	824
759	852
759	813
759	771
759	903
759	905
759	942
759	827
759	978
759	784
759	972
759	841
759	825
759	859
759	994
759	806
760	941
760	768
760	901
760	868
760	900
760	944
760	886
760	762
760	772
761	870
761	929
761	969
761	799
761	967
761	874
761	992
761	999
761	816
762	932
762	772
764	950
764	891
764	945
764	822
764	776
765	890
765	896
766	804
766	885
766	882
766	954
766	927
767	990
767	773
768	944
768	906
768	868
768	843
768	941
768	901
769	795
769	791
769	805
770	928
770	819
770	813
771	978
771	905
771	972
771	813
771	784
771	995
771	825
771	953
771	947
771	994
771	859
771	806
771	841
771	942
771	852
771	827
771	903
771	938
772	912
772	783
772	839
772	868
772	901
772	869
773	786
773	938
773	823
773	818
773	898
773	865
773	873
773	808
773	942
773	972
774	973
774	889
774	811
775	883
775	803
775	788
775	925
775	884
776	785
776	968
776	821
776	822
776	977
776	959
777	925
778	895
778	987
778	998
779	857
779	922
779	799
779	807
780	922
780	952
780	871
780	855
780	844
780	938
781	964
781	967
781	874
781	910
781	992
781	984
781	797
781	939
781	814
781	999
782	863
782	860
782	847
783	912
783	944
783	874
783	900
783	825
783	806
784	825
784	953
784	859
784	806
784	841
784	947
784	905
784	942
784	978
784	972
784	852
784	995
784	994
784	813
784	827
784	912
784	824
784	823
784	818
784	928
784	817
784	973
785	968
785	821
785	903
785	977
785	877
785	849
786	823
786	898
786	938
786	818
786	848
786	873
786	994
786	903
787	911
788	803
788	883
788	925
788	975
789	867
789	888
790	899
790	962
790	813
791	795
791	805
791	869
791	987
792	939
793	974
793	832
793	880
793	988
793	986
794	988
794	986
795	805
795	869
795	888
795	909
795	867
795	870
796	887
796	848
797	874
797	992
797	799
797	964
797	967
797	814
797	999
798	897
799	929
799	969
799	816
799	870
799	911
799	964
799	814
799	874
799	892
800	856
800	989
800	819
800	839
800	848
800	949
800	887
800	926
800	927
800	871
800	844
800	922
800	885
801	828
801	968
802	879
802	902
802	940
802	890
802	830
802	921
803	883
803	842
804	882
804	885
804	808
804	856
804	989
805	869
805	935
805	867
805	823
805	936
806	905
806	859
806	942
806	953
806	978
806	841
806	824
806	947
806	825
806	852
806	813
806	972
806	903
806	928
807	908
807	999
807	939
807	815
808	966
808	893
808	882
808	885
808	991
808	923
809	895
809	996
811	889
811	862
812	957
813	972
813	947
813	903
813	841
813	995
813	852
813	978
813	942
813	994
813	827
813	824
813	859
813	953
813	825
813	905
814	874
814	992
814	964
814	967
814	927
814	816
814	969
814	910
814	984
814	929
814	939
815	908
816	929
816	870
816	969
816	911
816	857
816	999
817	928
818	898
818	938
818	823
818	923
818	928
818	953
819	856
819	887
819	961
819	881
819	989
819	919
819	949
819	839
819	926
819	901
820	822
821	968
821	977
821	929
821	877
821	854
821	945
821	873
822	864
822	968
823	873
823	938
823	898
823	865
823	855
823	928
823	922
823	923
823	912
823	942
824	995
824	978
824	841
824	972
824	947
824	953
824	852
824	905
824	942
824	859
824	827
824	899
824	903
824	994
825	827
825	947
825	972
825	995
825	859
825	994
825	841
825	978
825	899
825	852
825	903
825	942
825	905
825	837
825	938
825	835
825	898
826	872
827	852
827	978
827	942
827	859
827	947
827	903
827	994
827	841
827	972
827	953
827	995
827	899
828	872
829	889
830	879
830	896
831	896
832	880
832	974
832	986
833	854
833	884
834	918
834	892
834	916
835	849
836	875
836	845
836	998
836	894
836	948
836	982
836	897
836	917
837	838
837	876
837	878
838	878
838	876
838	959
839	989
839	856
839	927
839	949
839	919
839	887
839	961
839	848
839	881
839	926
839	928
839	923
840	998
840	917
840	894
840	982
840	845
841	852
841	994
841	905
841	978
841	942
841	953
841	995
841	972
841	903
841	859
841	947
841	881
843	886
843	906
843	932
843	941
843	900
843	901
844	952
844	922
844	912
844	871
844	966
845	894
845	998
845	970
845	948
847	936
847	860
847	863
848	927
848	926
848	989
848	881
848	961
848	856
848	919
848	949
848	911
848	928
849	854
849	884
849	945
850	988
850	880
851	940
851	904
851	890
852	978
852	947
852	953
852	994
852	942
852	903
852	905
852	859
852	995
852	972
853	932
853	906
853	886
854	884
854	891
854	977
855	922
855	961
855	952
855	923
855	966
855	989
856	961
856	949
856	926
856	881
856	989
856	887
856	927
856	919
856	923
857	949
857	992
858	885
859	942
859	903
859	995
859	972
859	994
859	953
859	905
859	947
859	978
859	910
859	870
860	863
861	996
861	982
861	917
862	955
862	889
863	936
864	968
864	884
867	888
867	935
868	941
868	906
868	901
868	886
869	888
870	929
870	964
870	967
870	939
870	992
871	922
871	911
871	893
872	891
872	945
873	938
873	898
873	972
873	953
874	967
874	984
874	929
874	969
874	992
874	910
874	986
874	939
874	940
875	996
876	878
877	977
877	959
877	903
877	950
879	896
880	974
880	988
880	914
881	926
881	927
881	887
881	949
881	919
881	989
881	961
882	885
882	991
883	925
884	887
885	966
885	977
886	906
886	932
886	901
886	944
887	919
887	949
887	927
887	967
887	926
887	923
887	991
887	911
888	935
889	973
890	904
890	920
890	902
891	950
891	945
892	916
892	918
892	965
893	966
893	991
893	911
893	949
893	922
894	982
894	998
894	917
896	965
898	938
898	905
899	962
899	905
899	942
900	901
900	906
900	941
900	944
900	912
901	944
901	941
901	932
901	906
901	912
902	904
902	920
902	965
903	947
903	994
903	923
903	942
903	972
904	920
905	942
905	994
905	947
905	995
905	962
905	953
905	978
905	972
906	944
906	941
908	999
909	928
909	935
910	984
910	964
910	967
910	969
911	928
911	923
911	919
911	989
911	966
911	961
911	922
911	938
912	961
913	980
913	990
915	923
915	926
917	998
917	987
917	996
919	926
919	949
919	989
919	927
919	961
920	965
921	940
921	937
921	958
922	989
922	928
922	923
923	928
923	966
923	961
923	991
925	975
925	997
926	927
926	961
926	989
926	949
926	984
927	949
927	961
927	928
928	961
928	966
928	985
928	952
928	994
929	969
929	992
929	964
929	984
930	958
931	981
931	979
932	944
933	956
934	948
934	963
935	938
938	994
938	947
938	942
939	964
939	999
940	965
941	944
942	953
942	947
942	978
942	995
942	994
946	954
947	953
947	995
947	972
947	978
949	989
949	961
953	972
953	995
953	978
953	994
957	975
959	977
961	989
961	966
962	972
963	970
963	998
964	984
964	992
964	967
964	968
966	991
967	984
967	992
972	994
972	995
978	994
978	995
979	990
979	995
982	996
982	987
984	992
984	999
986	988
987	998
990	995
994	995
995	998
996	998
