0	862
0	890
0	50
0	635
0	625
0	546
0	963
0	662
0	460
1	946
1	954
1	682
2	705
2	482
2	692
2	808
2	837
2	940
2	893
2	689
2	991
2	691
3	598
3	299
3	387
3	576
3	903
3	977
3	90
4	717
4	336
4	726
4	379
5	858
5	616
5	201
6	803
6	707
6	775
6	910
6	874
6	992
6	472
6	656
6	984
6	814
7	947
7	773
7	977
7	712
7	898
7	832
7	784
7	700
7	824
7	727
8	11
8	12
8	9
8	14
8	490
8	493
8	370
8	362
8	911
8	723
9	11
9	14
9	12
9	492
9	792
9	770
9	649
9	489
9	911
10	15
10	494
10	496
10	488
10	165
10	860
10	654
10	696
10	27
10	722
11	495
11	614
11	492
11	989
11	119
11	923
11	711
12	14
12	490
12	495
12	498
12	759
12	661
12	492
12	614
13	491
13	943
13	355
13	863
13	980
13	696
13	683
13	860
13	543
13	653
14	498
14	493
14	664
14	711
14	923
14	747
14	723
15	496
15	735
15	863
15	943
15	847
15	860
15	654
15	936
15	497
16	18
16	22
16	19
16	520
16	510
16	519
16	512
16	669
16	789
16	833
16	867
16	935
16	20
16	686
16	849
17	19
17	21
17	18
17	519
17	511
17	513
17	510
17	512
17	443
17	835
17	854
17	935
17	701
17	20
17	375
18	20
18	19
18	513
18	21
18	511
18	835
18	512
18	669
18	935
18	701
18	22
18	867
18	833
19	21
19	20
19	510
19	511
19	512
19	513
19	974
19	905
19	835
19	833
19	856
19	669
20	511
20	520
20	701
20	888
20	519
20	512
20	789
20	686
20	867
20	127
20	377
21	22
21	520
21	519
21	510
21	513
21	511
21	512
21	833
21	745
21	884
21	686
21	377
22	513
22	520
22	510
22	867
22	773
22	849
22	604
22	835
22	813
22	789
22	803
22	377
23	514
23	517
24	772
24	728
24	970
24	29
24	703
24	911
24	731
24	783
24	884
24	529
25	681
25	668
25	749
25	423
26	960
26	280
26	638
26	273
26	613
27	847
27	735
27	683
27	293
27	860
27	653
27	655
27	165
27	494
28	792
28	842
28	442
28	720
28	996
28	982
28	439
28	724
28	861
28	973
28	49
28	128
28	937
28	129
28	367
29	694
29	462
29	728
29	970
29	772
29	912
29	703
29	528
29	706
30	840
30	761
30	663
30	969
30	710
30	714
30	838
30	998
30	706
30	753
31	926
31	699
31	961
31	736
31	919
31	37
31	949
31	927
31	35
31	819
32	37
32	35
32	36
32	746
32	887
32	670
32	881
32	819
32	856
32	699
33	34
33	36
33	38
33	37
33	35
33	881
33	989
33	746
33	919
33	819
34	37
34	39
34	36
34	856
34	927
34	848
34	800
34	926
34	839
35	37
35	39
35	36
35	856
35	926
35	881
35	734
36	38
36	37
36	881
36	839
36	670
36	926
37	746
37	989
37	926
37	736
38	39
38	734
38	927
38	919
38	697
38	819
38	746
38	949
39	819
39	881
39	736
39	734
39	848
39	887
39	746
40	81
40	140
40	461
40	960
40	844
40	613
40	729
40	455
40	137
40	952
41	889
41	811
41	672
41	166
41	831
41	111
41	84
41	371
41	738
41	483
41	829
42	45
42	44
42	47
42	46
42	80
42	851
42	138
42	918
42	625
42	659
43	138
43	46
43	142
43	47
43	136
43	80
43	845
43	635
43	282
43	765
44	142
44	45
44	47
44	87
44	845
44	902
44	155
44	370
44	787
45	136
45	138
45	143
45	851
45	463
45	684
45	546
45	72
46	47
46	142
46	80
46	924
46	81
46	606
46	713
46	474
47	142
47	143
47	80
47	918
47	765
47	282
48	55
48	641
48	647
48	62
48	843
48	548
48	605
48	846
48	58
48	127
48	435
48	852
48	433
48	839
48	125
48	434
48	221
48	940
48	813
48	673
48	168
48	404
48	994
49	646
49	637
49	842
49	996
49	54
49	982
49	132
49	724
49	133
50	52
50	635
50	621
50	778
50	625
50	606
50	667
50	890
50	918
50	894
50	460
50	987
50	202
50	626
51	650
51	554
51	557
51	452
52	635
52	862
52	765
52	902
52	563
52	209
52	895
52	143
52	463
52	639
52	202
52	816
52	387
52	922
53	627
53	553
53	612
53	620
53	780
53	568
53	871
53	280
53	81
53	952
53	855
53	214
53	922
54	645
54	646
54	622
54	160
54	637
54	617
54	861
54	128
54	819
55	605
55	565
55	634
55	57
55	561
55	547
55	641
55	548
55	867
55	846
55	648
55	647
55	725
55	58
55	841
55	220
55	437
55	125
55	260
55	433
55	127
55	436
55	120
56	61
56	559
56	552
56	551
56	626
56	427
56	60
56	566
56	630
56	783
57	63
57	549
57	565
57	548
57	628
57	647
57	784
57	953
57	550
58	605
58	846
58	642
58	62
58	647
58	437
58	436
58	435
59	620
59	612
59	871
59	676
59	627
59	140
59	962
59	523
59	137
59	780
60	61
60	566
60	630
60	562
60	853
60	161
60	843
60	632
60	558
61	632
61	853
61	611
61	566
61	846
61	626
61	886
61	411
62	628
62	641
62	547
62	63
62	421
62	642
62	605
62	647
63	549
63	641
63	642
63	628
63	648
63	647
63	565
63	634
64	70
64	247
64	242
64	71
64	66
64	243
64	975
64	246
64	957
64	481
65	245
65	240
65	69
65	993
65	67
65	679
65	859
65	68
65	875
65	921
66	247
66	246
66	70
66	71
66	243
66	481
66	957
66	597
66	253
67	68
67	240
67	69
67	836
67	908
67	921
67	959
67	774
67	427
68	69
68	245
68	997
68	133
68	244
68	679
68	748
68	875
69	245
69	993
69	241
69	755
69	481
69	836
69	921
70	247
70	241
70	243
70	242
70	71
70	246
70	975
70	240
71	242
71	243
71	247
71	241
71	748
71	246
71	481
72	75
72	77
72	621
72	80
73	569
73	141
73	896
73	879
73	672
74	952
74	623
74	855
74	638
74	844
75	77
75	370
75	87
75	639
76	445
76	444
77	787
77	765
77	287
78	447
78	367
79	869
79	968
80	87
80	787
80	463
80	545
80	202
81	844
81	82
81	85
81	952
81	780
81	613
81	627
82	85
82	140
82	453
82	855
82	959
82	965
82	871
82	780
82	952
83	139
83	817
83	86
83	914
83	981
84	672
84	889
84	337
84	811
84	371
84	609
84	714
84	725
85	729
85	620
85	905
85	974
85	610
85	366
85	466
85	844
86	139
86	817
86	931
86	261
87	951
87	667
87	924
87	987
87	787
87	851
87	939
88	335
88	332
88	574
88	660
88	734
88	631
89	93
89	94
89	91
89	95
89	331
89	90
89	328
89	583
89	334
89	92
90	91
90	93
90	94
90	92
90	334
90	588
90	95
90	347
91	95
91	94
91	602
91	93
91	331
91	328
91	581
91	324
92	93
92	94
92	328
92	331
92	334
92	386
92	581
92	324
93	95
93	94
93	602
93	328
93	334
93	347
94	95
94	328
94	334
94	581
94	331
95	602
95	347
95	324
95	590
95	588
96	99
96	103
96	98
96	101
96	102
96	97
96	289
96	705
96	727
96	738
96	919
97	102
97	103
97	289
97	101
97	99
97	98
97	292
97	678
97	100
98	99
98	103
98	102
98	101
98	958
98	763
98	288
98	898
99	103
99	101
99	102
99	958
99	288
99	678
100	290
100	291
100	744
100	752
101	288
101	103
101	102
101	292
102	103
102	958
103	292
103	678
103	763
103	289
104	109
104	163
104	991
105	106
105	110
105	450
106	110
106	167
107	167
107	164
108	448
108	456
108	449
109	163
110	156
111	166
111	866
111	831
111	383
112	113
112	411
112	213
112	208
112	210
112	271
112	901
112	768
112	932
112	843
113	116
113	411
113	213
113	210
113	317
113	265
113	271
113	264
113	900
114	413
114	417
114	115
114	318
114	535
114	414
114	536
114	313
114	409
114	747
115	416
115	415
115	118
115	539
115	117
115	663
115	761
115	354
115	541
116	213
116	266
116	265
116	267
116	900
116	901
116	768
116	760
116	754
117	415
117	413
117	412
117	409
117	539
117	536
117	542
117	319
117	832
118	417
118	415
118	535
118	314
118	315
118	409
118	316
118	799
118	412
119	362
119	928
120	125
120	221
120	436
120	256
120	220
120	260
120	434
120	435
120	433
120	432
120	605
120	607
120	512
120	972
120	834
121	219
121	124
121	218
122	430
122	259
122	428
123	223
123	222
123	258
123	126
123	429
123	257
123	914
123	261
123	694
123	853
124	218
124	219
125	127
125	221
125	220
125	435
125	432
125	436
125	431
125	437
125	434
125	256
125	703
125	260
125	612
126	222
126	261
126	223
126	262
126	429
126	258
126	878
126	824
127	220
127	221
127	436
127	433
127	260
127	435
127	437
127	431
127	256
127	647
127	509
127	845
128	133
128	129
128	134
128	131
128	130
128	132
128	724
128	973
129	130
129	131
129	134
129	135
129	132
129	720
129	724
129	842
130	131
130	134
130	135
130	132
130	133
130	617
130	720
130	911
131	132
131	134
131	982
131	861
131	135
131	661
132	135
132	133
132	646
132	996
132	792
133	134
133	135
133	609
133	792
133	973
134	135
134	724
134	842
134	861
134	937
135	637
135	996
135	982
136	142
136	138
136	143
136	316
136	790
136	987
136	845
136	918
137	729
137	844
137	610
137	746
137	871
137	883
137	638
138	143
138	902
138	948
138	667
138	282
138	968
139	914
139	817
139	710
140	844
140	280
140	623
140	719
140	729
140	871
140	676
141	633
141	569
141	896
141	879
141	830
142	370
142	368
142	344
142	463
142	902
143	951
143	662
143	963
143	422
143	787
144	149
144	145
144	401
144	148
144	399
144	403
144	150
144	406
144	405
144	400
145	151
145	146
145	147
145	399
145	402
145	407
145	404
145	150
145	605
146	150
146	149
146	151
146	405
146	401
146	403
146	485
146	404
146	356
147	151
147	148
147	399
147	150
147	405
147	325
147	149
147	400
147	401
148	403
148	404
148	150
148	406
148	399
148	405
148	151
148	360
149	402
149	150
149	840
149	403
149	349
149	406
149	401
150	400
150	405
150	402
150	404
151	399
151	686
151	404
151	400
151	407
151	403
152	159
152	487
153	157
153	154
153	375
153	184
153	378
154	157
154	377
154	827
154	620
155	372
155	376
155	506
155	507
155	811
156	810
157	374
157	375
157	184
158	380
158	186
159	903
160	617
160	645
161	559
161	566
162	615
162	498
162	664
164	167
165	696
166	337
166	672
166	889
168	174
168	172
168	171
168	474
168	476
168	475
168	248
168	173
169	250
169	477
169	469
169	252
169	473
169	938
169	893
170	255
170	251
170	470
170	253
170	254
170	481
171	174
171	474
171	476
171	699
171	990
171	475
171	963
171	173
172	173
172	174
172	475
172	248
172	476
172	923
172	603
172	968
173	474
173	475
173	277
173	248
173	555
173	476
174	476
174	248
174	475
174	474
174	903
174	938
174	672
175	758
175	790
175	899
176	180
176	178
176	183
177	182
177	179
177	216
178	180
178	183
179	182
179	433
180	183
180	182
181	182
181	785
181	800
182	949
184	971
185	373
185	812
185	379
186	380
186	400
187	189
187	188
187	913
188	189
188	190
189	190
190	494
191	376
191	372
191	503
192	193
192	194
192	197
192	225
192	312
193	194
193	198
193	197
193	226
194	197
194	198
194	231
195	196
195	585
196	575
197	198
197	231
198	227
198	225
199	386
199	590
200	203
200	280
200	606
201	858
201	616
201	459
203	466
203	960
204	207
204	205
204	206
205	207
205	903
206	207
206	446
207	595
208	210
208	213
208	410
208	317
208	266
208	264
208	268
208	900
208	886
209	412
209	541
209	414
209	663
209	816
209	799
209	211
209	870
209	761
210	266
210	411
210	269
210	271
210	843
210	268
210	566
211	214
211	212
211	416
211	415
211	215
211	534
211	414
211	417
211	838
212	215
212	535
212	413
212	316
212	710
212	315
212	840
212	677
212	757
213	317
213	411
213	270
213	932
213	269
213	868
214	312
214	315
214	533
214	761
214	757
214	870
214	929
214	714
215	414
215	534
215	315
215	416
215	409
215	417
215	319
215	761
216	217
216	263
217	263
218	219
219	629
220	260
220	433
220	256
220	431
220	434
220	221
220	437
220	375
220	647
220	245
220	642
220	435
221	433
221	434
221	437
221	260
221	436
221	432
221	647
221	406
221	498
221	435
221	431
222	223
222	262
222	257
222	258
222	429
222	261
222	989
222	773
223	257
223	258
223	262
223	429
223	261
223	464
223	793
224	226
224	229
224	712
224	725
224	704
224	994
224	759
224	231
224	308
224	823
225	230
225	227
225	226
225	228
225	229
225	580
225	942
225	859
226	228
226	230
226	227
226	990
226	730
226	823
226	905
227	229
227	228
227	231
227	487
227	725
227	230
227	972
228	230
228	231
228	701
228	771
228	832
228	793
228	232
229	230
229	485
229	712
229	709
229	674
229	880
229	938
230	231
230	719
230	725
230	877
230	709
231	663
231	759
231	338
231	873
232	422
232	420
232	233
232	427
232	237
233	420
233	427
233	237
233	422
233	757
234	426
234	423
234	239
234	421
234	419
234	424
234	435
235	418
235	236
235	425
235	426
235	887
236	238
236	425
236	900
236	436
237	422
237	427
237	420
237	662
238	425
238	418
238	769
238	921
239	423
239	419
239	421
239	426
239	827
239	436
240	685
240	836
240	997
240	679
240	257
240	875
240	925
241	242
241	243
241	921
241	975
241	748
241	247
241	255
242	243
242	246
242	597
242	748
242	999
242	247
243	247
243	246
243	999
243	481
244	245
244	815
244	956
244	875
244	774
244	807
244	375
244	679
244	999
245	836
245	925
245	600
245	875
245	832
246	247
246	975
246	957
246	956
247	957
247	975
248	474
248	475
248	377
248	476
248	859
248	921
249	472
249	471
249	992
250	473
250	571
250	252
250	939
250	784
250	598
251	254
251	470
251	255
251	921
251	748
252	477
252	473
252	605
252	433
252	468
253	470
253	254
253	748
253	894
254	255
254	470
254	999
255	470
255	481
256	431
256	435
256	437
256	433
256	434
256	436
256	669
256	260
256	432
256	776
256	273
256	647
257	261
257	258
257	429
257	262
257	284
257	892
258	261
258	262
258	429
258	817
258	848
259	430
259	428
260	431
260	432
260	433
260	434
260	437
260	436
260	481
260	670
260	605
261	262
261	429
261	431
262	429
262	937
262	659
262	664
264	267
264	269
264	270
264	265
264	266
264	317
264	969
264	552
265	267
265	266
265	268
265	270
265	269
265	410
265	629
266	270
266	271
266	868
266	944
266	941
267	269
267	271
267	270
267	703
267	768
267	868
267	850
268	269
268	271
268	868
268	715
268	941
268	745
268	906
269	768
269	868
269	944
269	941
270	410
270	411
270	901
270	760
270	677
271	901
271	900
271	407
271	632
272	275
272	524
272	970
272	912
272	743
272	527
272	791
272	783
272	528
272	728
273	279
273	278
273	530
273	276
273	988
273	526
273	523
273	525
274	279
274	767
274	530
274	489
274	659
274	988
274	794
274	525
274	986
274	531
275	669
275	524
275	912
275	521
275	731
275	865
275	772
275	783
275	930
276	279
276	530
276	522
276	523
276	794
276	526
276	881
276	278
276	525
277	521
277	524
277	772
277	527
277	694
277	703
277	462
277	783
277	991
278	279
278	523
278	522
278	988
278	659
278	530
278	585
278	794
279	522
279	530
279	523
279	794
279	767
279	855
280	922
280	737
280	627
280	871
280	855
280	676
280	613
280	620
281	573
281	665
282	284
282	287
282	684
282	365
282	948
282	545
282	894
282	802
282	460
282	918
283	285
283	636
283	286
283	820
283	869
284	287
284	572
284	365
284	370
284	894
284	963
284	834
284	635
284	619
284	899
284	621
285	286
285	636
285	713
285	740
286	636
286	869
286	791
287	363
287	365
287	948
287	801
287	834
287	802
287	791
287	765
287	963
288	289
288	292
289	292
290	291
290	744
290	752
290	700
291	933
291	952
293	359
294	295
294	664
295	923
296	300
296	303
296	374
297	301
297	891
297	589
298	983
298	376
298	372
299	598
299	599
300	303
300	971
301	826
301	592
302	385
302	378
302	740
303	375
304	311
304	309
304	306
304	349
304	321
304	345
304	859
304	308
304	823
304	938
305	309
305	308
305	320
305	345
305	321
305	326
305	346
305	307
305	349
305	880
306	309
306	326
306	353
306	322
306	350
306	307
306	346
306	974
306	745
307	309
307	321
307	345
307	353
307	325
307	349
307	579
307	738
308	311
308	322
308	320
308	325
308	353
308	348
308	972
309	325
309	350
309	353
309	345
309	311
309	688
310	352
310	347
310	324
310	389
310	386
310	334
311	320
311	321
311	346
311	877
311	348
311	768
311	824
312	315
312	318
312	533
312	538
312	314
312	408
312	539
312	313
313	318
313	533
313	416
313	319
313	408
313	315
313	409
313	753
314	318
314	319
314	542
314	533
314	416
314	417
314	870
314	838
315	319
315	536
315	534
315	409
316	532
316	536
316	319
316	533
316	535
316	838
316	354
317	410
317	411
317	941
317	760
317	843
317	906
318	412
318	535
318	532
318	998
318	761
318	870
319	542
319	534
319	408
319	747
320	325
320	350
320	346
320	887
320	351
320	326
320	712
321	322
321	353
321	898
321	759
321	718
321	823
322	325
322	326
322	346
322	345
322	905
322	880
322	852
323	327
323	692
323	330
324	352
324	331
325	326
325	345
325	813
325	873
326	345
326	349
326	351
326	350
326	824
327	586
327	330
328	331
328	588
328	334
328	386
328	389
329	335
329	332
329	333
329	741
329	702
330	586
331	588
331	334
331	583
331	590
332	333
332	335
332	857
332	361
333	574
333	335
333	361
334	588
334	602
335	574
335	857
336	726
336	717
337	831
337	829
337	483
337	866
337	889
337	811
337	371
338	341
338	342
338	898
338	903
339	363
339	365
339	801
340	343
340	344
340	364
341	342
341	877
341	942
341	859
342	727
342	485
342	674
343	344
343	364
345	348
345	350
345	346
346	350
346	351
346	353
346	697
347	352
347	590
348	350
348	402
348	351
348	769
348	349
348	704
348	730
349	350
349	351
349	856
349	580
350	351
350	353
351	878
351	859
351	827
351	953
352	389
352	590
352	602
353	824
353	898
353	873
353	376
354	358
354	565
355	359
355	693
355	860
355	847
356	358
356	360
357	362
357	420
357	953
357	493
357	374
358	360
359	782
359	863
359	963
361	631
361	741
361	857
361	690
361	779
362	915
362	723
363	370
363	365
363	918
363	463
363	845
363	787
363	951
364	462
365	370
365	895
365	564
365	635
366	369
366	965
367	907
367	385
367	596
368	684
368	755
369	623
369	610
370	765
370	546
371	889
371	672
371	811
371	474
371	393
372	376
372	983
372	508
373	379
373	662
374	375
374	378
374	377
374	789
374	849
374	833
374	621
374	819
374	929
374	884
374	686
375	378
375	433
375	377
375	570
375	854
375	772
375	450
376	505
376	502
377	378
377	915
377	701
377	854
377	789
377	755
377	874
378	956
378	800
378	888
378	898
379	812
381	388
381	579
381	591
381	577
381	595
381	832
381	903
382	592
382	589
382	603
382	578
382	593
382	384
382	909
382	680
382	764
382	702
382	947
383	585
383	604
383	575
383	824
383	661
384	592
384	603
384	578
384	593
384	680
384	589
384	945
384	950
384	891
385	447
385	596
386	389
386	581
386	583
387	576
387	599
387	598
387	985
387	878
388	580
388	595
388	591
388	818
388	947
388	718
389	590
389	581
389	801
390	398
390	394
390	393
390	395
390	676
391	396
391	392
391	397
391	754
392	397
392	396
393	394
393	398
393	395
394	398
394	395
394	665
395	398
395	576
396	397
398	830
399	402
399	406
399	443
399	401
399	403
400	407
400	403
400	402
400	405
400	401
400	870
401	403
401	404
401	402
401	407
402	406
402	403
402	405
403	407
404	407
404	405
404	406
405	406
405	407
406	407
406	699
407	431
408	413
408	409
408	536
408	757
408	753
408	886
408	998
409	414
409	757
409	816
410	411
410	793
410	932
410	843
410	715
410	551
411	699
411	900
412	413
412	414
412	415
412	710
412	541
412	753
413	414
413	542
413	534
413	536
413	998
414	417
414	539
414	840
415	417
415	532
415	535
415	416
415	838
416	417
416	539
416	962
416	707
417	542
417	714
418	425
418	800
418	605
419	424
419	423
419	421
419	426
419	974
420	422
420	427
421	423
421	424
421	431
422	962
423	426
423	424
424	426
424	935
424	824
425	823
426	435
428	430
429	937
429	731
430	499
431	435
431	434
431	432
431	437
431	433
431	436
431	987
432	434
432	435
432	886
432	436
432	982
432	626
432	894
432	437
432	938
432	433
433	436
433	434
433	453
434	437
434	605
434	628
434	738
434	483
434	647
435	436
435	437
435	647
435	821
436	437
436	743
437	790
437	486
437	647
438	443
438	833
438	888
438	789
438	835
439	442
439	792
439	440
439	622
440	442
440	937
440	842
440	973
441	446
441	444
441	445
441	715
441	652
442	622
442	724
443	701
443	512
444	446
444	445
444	469
445	446
445	880
446	674
447	907
448	456
448	449
448	579
449	456
450	452
450	455
450	457
450	453
450	451
450	454
450	801
450	966
451	457
451	452
451	454
451	453
451	455
451	489
451	713
451	837
451	691
452	453
452	455
452	457
452	716
452	459
452	718
452	875
453	454
453	457
453	455
453	810
453	691
454	455
454	457
454	810
454	663
454	459
454	844
454	796
455	810
455	459
455	457
455	605
457	716
457	825
457	800
457	705
458	998
458	710
458	929
458	870
458	799
458	838
458	538
459	796
459	716
460	463
460	951
460	606
460	619
461	467
462	743
462	651
462	783
462	521
462	529
463	845
464	767
464	776
464	912
464	659
464	794
464	986
465	635
465	787
466	729
466	623
466	960
466	568
466	952
467	952
468	469
468	477
468	473
468	605
468	805
468	852
469	477
469	836
469	473
469	734
470	921
471	472
471	757
473	477
473	732
474	476
474	475
474	952
475	476
475	878
475	603
476	658
477	770
477	802
478	904
478	892
478	934
478	690
478	916
478	920
478	777
479	739
479	882
479	742
479	687
479	804
479	797
479	484
479	885
479	766
479	756
479	705
479	692
479	991
479	808
479	888
480	485
480	990
480	759
480	773
480	969
480	974
480	745
480	709
480	827
480	841
481	999
481	921
481	957
481	783
481	908
481	807
481	736
481	774
481	875
481	679
481	755
482	940
482	991
482	486
482	691
482	705
482	695
482	966
482	682
482	808
483	831
483	829
483	889
483	994
483	672
484	766
484	739
484	687
484	885
484	742
484	756
484	804
484	966
484	940
484	705
484	808
484	698
484	692
484	682
485	942
485	784
485	938
485	827
485	769
485	877
486	893
486	991
486	837
486	695
486	940
486	689
486	797
486	808
487	823
487	974
487	773
487	793
487	832
487	898
487	859
487	970
488	491
488	496
488	497
488	782
488	683
488	913
488	860
488	980
488	811
489	495
489	493
489	498
489	643
489	915
489	723
489	490
490	492
490	495
490	649
490	911
490	723
490	643
491	494
491	497
491	863
491	751
491	943
491	847
491	735
491	655
492	493
492	661
492	614
492	770
492	911
492	928
493	498
493	615
493	770
493	649
493	713
494	496
494	497
494	847
494	913
494	735
494	516
495	649
495	615
495	643
495	528
495	723
495	911
496	497
496	943
496	673
496	980
496	722
496	751
497	696
497	782
497	722
497	943
497	863
498	512
498	754
498	915
498	928
499	504
499	501
499	500
500	504
500	501
501	504
502	503
502	506
502	505
502	508
502	509
502	560
503	505
503	508
503	509
503	507
503	506
505	506
505	508
505	509
505	507
506	508
506	507
506	509
507	508
507	509
507	570
508	509
510	520
510	513
510	519
510	512
510	511
510	880
510	849
510	789
510	888
510	870
511	512
511	520
511	519
511	833
511	867
511	884
511	669
511	806
511	835
512	519
512	520
512	513
512	929
513	519
513	754
513	669
513	849
513	854
513	520
513	935
513	701
514	517
515	518
515	857
516	735
517	820
518	741
519	935
519	701
519	835
519	520
519	686
519	888
519	884
520	833
520	669
520	849
520	835
520	686
520	867
521	528
521	758
521	651
521	527
521	529
521	731
521	792
522	525
522	530
522	986
522	988
522	526
522	531
522	747
523	526
523	659
523	986
523	794
523	567
524	528
524	527
524	529
524	743
524	970
524	772
524	898
525	531
525	530
525	794
525	526
525	877
525	767
526	531
526	530
526	986
526	988
526	776
527	529
527	706
527	912
527	772
527	728
527	783
528	703
528	743
528	694
528	932
528	772
529	912
529	694
529	743
529	775
529	772
530	988
530	659
531	986
531	767
531	988
531	765
531	794
531	712
532	541
532	535
532	533
532	538
532	539
532	757
532	933
533	538
533	536
533	541
533	663
534	535
534	542
534	536
534	538
534	929
535	542
535	753
536	538
536	541
537	540
537	543
537	673
538	663
538	840
538	816
538	539
539	542
539	541
539	799
540	543
540	696
541	542
541	969
541	878
542	710
544	545
544	570
544	987
544	606
544	963
544	894
544	845
544	662
544	834
544	902
545	563
545	918
545	801
545	845
545	987
545	851
545	951
546	572
546	563
546	625
546	862
546	734
546	684
546	924
547	548
547	549
547	561
547	647
547	642
547	605
547	648
547	846
548	561
548	565
548	642
548	641
548	628
548	644
549	565
549	561
549	550
549	605
549	628
549	642
549	647
550	634
550	642
550	846
550	706
550	561
550	647
550	648
550	681
551	559
551	552
551	558
551	853
551	611
551	608
551	566
551	743
552	630
552	941
552	626
552	558
552	843
552	618
552	754
553	613
553	922
553	620
553	965
553	780
553	844
553	871
553	737
553	729
554	650
554	557
555	564
555	571
555	607
555	556
555	644
556	571
556	607
556	564
556	694
556	795
557	650
558	632
558	562
558	567
558	629
558	618
558	566
558	608
559	632
559	630
559	562
559	611
559	567
559	932
559	608
560	624
560	640
561	634
561	605
561	647
561	641
561	565
562	618
562	608
562	900
562	762
562	677
562	715
562	626
563	572
563	619
563	902
563	625
563	887
563	969
563	765
564	607
564	644
564	571
565	628
565	648
565	641
566	626
566	972
566	715
567	618
567	630
567	629
567	868
567	760
567	906
567	762
568	871
568	965
568	780
568	729
568	922
568	855
568	676
569	896
569	830
569	671
570	619
570	635
570	787
570	862
570	851
570	662
570	902
571	607
571	644
572	635
572	802
572	890
572	765
572	948
572	619
572	918
573	665
574	631
574	660
575	585
575	719
575	932
575	604
576	598
576	676
576	985
576	599
577	595
577	579
577	995
577	806
577	793
577	719
578	593
578	603
578	589
578	592
578	945
578	764
578	950
578	680
578	872
578	909
578	666
579	591
579	595
579	769
579	813
580	595
580	877
580	719
580	688
581	590
581	583
582	601
582	584
583	602
583	588
584	601
585	604
585	854
586	767
587	688
587	652
587	771
589	603
589	593
589	592
589	891
589	950
589	945
589	780
591	688
591	877
591	718
591	784
592	593
592	891
592	909
592	764
592	603
592	702
592	779
592	872
592	666
593	603
593	909
593	771
594	692
594	766
594	882
595	784
595	873
596	740
596	907
596	874
597	921
598	599
598	963
599	985
599	659
599	916
600	956
600	755
603	945
603	950
603	680
603	666
603	828
604	712
604	612
605	647
605	641
605	648
605	738
605	734
605	917
606	625
606	834
606	902
606	635
606	801
607	644
608	629
608	611
608	630
608	762
608	944
608	626
609	645
609	646
609	617
609	637
609	720
609	861
609	842
609	622
611	618
611	762
611	677
611	932
611	906
611	626
612	638
612	613
612	844
612	952
612	780
612	623
613	627
613	965
613	676
613	780
613	737
613	929
613	952
613	729
613	794
614	649
614	643
614	711
614	859
615	649
615	643
615	915
615	928
616	858
617	622
617	637
617	645
617	937
617	720
617	646
618	629
618	900
618	760
618	632
618	626
618	675
619	778
619	667
619	902
619	845
619	765
619	834
620	627
620	638
620	623
620	780
620	871
621	667
621	778
621	924
621	951
621	765
621	802
621	851
622	637
622	646
622	645
622	973
622	996
623	627
623	638
623	676
623	855
623	707
624	640
625	890
625	778
625	918
625	902
625	827
626	630
626	853
626	632
626	762
626	886
626	793
626	840
626	894
626	703
626	970
626	706
626	743
626	912
626	772
627	965
627	729
627	746
627	676
628	648
628	634
628	647
628	846
629	630
629	906
629	632
629	715
629	944
630	632
630	768
630	796
631	779
631	741
632	868
632	677
633	896
633	879
634	647
634	978
634	648
634	641
634	642
634	739
635	963
635	802
635	845
635	639
635	851
636	820
636	864
637	646
637	645
637	861
637	842
638	844
638	729
638	780
638	676
638	855
641	647
641	648
642	647
642	648
643	649
643	723
644	992
645	973
645	861
645	646
645	720
646	996
646	861
647	846
647	859
648	784
651	694
651	731
651	912
651	990
651	743
651	706
652	841
652	769
652	825
652	786
652	905
652	718
652	719
653	655
653	722
653	735
653	943
653	693
653	696
653	936
653	913
654	913
654	722
654	847
654	863
654	696
654	735
654	655
654	936
654	751
655	847
655	913
655	943
655	735
655	722
655	696
655	782
656	964
656	750
656	781
656	967
656	992
656	876
656	814
656	733
656	984
656	775
656	939
656	838
657	658
657	964
657	814
657	939
657	917
657	733
657	721
657	984
657	803
657	816
657	707
657	967
657	775
657	874
658	733
658	910
658	939
658	750
658	707
658	876
658	874
658	933
658	984
658	788
658	964
658	711
658	753
659	767
659	988
659	794
659	986
660	857
660	741
660	779
660	921
661	711
661	923
661	911
661	664
661	770
661	786
661	915
661	719
661	723
661	928
661	967
662	802
662	765
662	902
662	851
662	924
662	918
662	987
662	963
662	845
662	834
662	894
662	801
662	787
662	967
662	805
662	769
663	757
663	816
663	870
663	878
663	969
663	753
663	674
663	840
663	714
663	761
663	747
663	799
663	838
663	710
663	788
664	770
664	915
664	723
664	711
664	923
666	702
666	828
666	872
666	826
666	680
666	764
666	945
667	778
667	890
667	801
667	951
668	681
668	749
669	884
669	935
669	833
669	789
669	835
669	867
669	701
669	849
670	919
670	800
670	887
670	819
670	856
670	699
670	736
670	949
670	989
670	848
670	977
670	746
670	927
670	881
670	703
670	961
670	951
671	830
672	889
672	811
672	829
672	973
672	893
673	980
673	936
673	693
673	735
673	863
673	943
673	722
674	877
674	786
674	841
674	718
674	745
674	938
674	873
674	990
674	903
674	977
674	974
674	730
674	709
674	700
674	759
674	942
674	995
674	806
674	905
674	823
674	813
674	947
674	704
674	859
674	852
674	712
674	784
675	981
675	850
675	931
675	708
676	871
676	922
676	965
676	855
676	780
676	729
676	844
676	829
677	900
677	768
677	906
677	754
677	941
677	932
677	760
677	944
677	827
677	715
677	843
678	958
678	763
679	956
679	755
679	774
679	836
679	807
679	908
679	925
679	875
679	815
679	791
680	764
680	945
680	891
680	950
680	747
681	749
682	695
682	705
682	691
682	837
682	940
682	966
682	692
682	689
682	808
682	991
682	742
682	893
682	797
682	766
682	739
682	756
682	885
682	698
683	943
683	860
683	722
683	863
683	735
683	696
683	913
683	782
683	847
683	980
683	751
683	693
683	758
684	902
685	997
685	815
685	993
685	875
685	807
686	835
686	884
686	854
686	849
686	833
686	935
686	919
686	867
686	888
687	885
687	739
687	882
687	766
687	742
687	756
687	797
687	698
687	808
687	695
687	689
687	804
687	940
688	947
688	938
688	700
688	784
688	823
688	832
688	709
688	903
688	818
688	905
688	859
688	730
688	773
688	719
688	990
688	978
688	994
688	718
688	974
688	745
688	824
688	972
688	712
688	759
688	880
688	771
688	873
688	953
688	995
688	793
688	825
688	877
688	727
688	898
688	827
689	808
689	940
689	691
689	692
689	837
689	695
689	893
689	991
689	705
689	766
689	804
689	704
689	756
690	916
690	920
690	892
690	904
690	934
690	955
690	809
691	893
691	705
691	695
691	966
691	940
691	837
691	991
691	766
691	885
691	739
691	692
691	776
692	695
692	893
692	940
692	808
692	991
692	705
692	966
692	837
692	742
692	756
692	882
692	934
693	980
693	751
693	860
693	782
693	863
693	913
694	783
694	912
694	706
694	728
694	884
694	970
694	703
694	743
694	772
694	865
694	900
694	731
694	811
695	991
695	705
695	940
695	966
695	893
695	837
695	882
695	808
695	804
695	698
695	831
695	797
696	847
696	782
696	913
696	943
696	735
696	863
696	722
696	751
697	848
697	927
697	926
697	949
697	699
697	919
697	736
697	856
697	819
697	800
697	746
697	772
697	775
697	881
697	839
697	961
697	989
698	882
698	804
698	885
698	797
698	739
698	766
698	756
698	893
698	940
698	837
698	991
699	927
699	848
699	961
699	800
699	926
699	856
699	887
699	746
699	949
699	881
699	792
699	989
699	738
699	734
699	839
699	736
699	819
700	825
700	974
700	813
700	824
700	818
700	718
700	994
700	730
700	771
700	852
700	827
700	786
700	898
700	995
700	998
700	841
700	972
700	938
700	759
700	709
700	806
700	978
700	887
700	727
700	942
700	704
700	953
700	725
700	738
700	823
700	877
700	712
700	977
700	947
700	773
701	789
701	867
701	835
701	833
701	884
701	849
701	854
702	872
702	828
702	826
702	972
703	731
703	912
703	743
703	728
703	898
703	970
703	783
703	772
703	706
703	844
704	738
704	827
704	745
704	852
704	727
704	813
704	718
704	818
704	825
704	806
704	877
704	972
704	823
704	898
704	841
704	725
704	880
704	938
704	719
704	905
704	771
704	769
704	832
704	947
704	987
704	990
704	859
704	730
704	903
704	974
705	837
705	808
705	940
705	893
705	966
705	991
705	739
705	756
706	912
706	772
706	970
706	783
706	731
706	743
706	728
706	947
706	893
706	888
706	934
707	874
707	984
707	750
707	967
707	803
707	788
707	883
707	876
707	733
707	814
707	775
707	816
707	721
707	969
707	748
707	917
707	878
708	850
708	931
708	981
708	753
709	938
709	784
709	759
709	769
709	898
709	877
709	806
709	730
709	942
709	727
709	905
709	725
709	813
709	953
709	947
709	825
709	745
709	852
709	903
709	974
709	718
709	712
709	773
709	859
709	832
709	867
709	786
709	972
709	719
709	823
710	753
710	870
710	714
710	838
710	929
710	816
710	799
710	757
710	840
710	747
710	761
710	873
710	969
710	878
710	992
711	723
711	923
711	928
711	915
711	911
711	770
712	730
712	818
712	784
712	745
712	759
712	718
712	972
712	825
712	947
712	769
712	852
712	905
712	719
712	823
712	786
712	738
712	725
712	827
712	841
712	832
712	859
712	873
712	995
712	877
712	793
712	953
712	898
712	727
712	977
712	994
712	893
712	911
713	785
713	795
713	732
713	791
713	821
713	776
713	869
713	820
713	773
713	805
714	870
714	799
714	998
714	969
714	816
714	878
714	753
714	757
714	838
714	929
714	840
714	733
714	933
714	750
714	917
714	985
715	868
715	944
715	932
715	941
715	886
715	754
715	768
715	843
715	760
716	810
716	796
717	726
718	719
718	938
718	784
718	859
718	745
718	806
718	905
718	942
718	978
718	977
718	827
718	813
718	832
718	903
718	759
718	786
718	841
718	880
718	995
718	727
718	734
718	877
718	990
718	771
718	742
718	818
718	873
719	903
719	773
719	873
719	994
719	738
719	974
719	898
719	880
719	793
719	771
719	995
719	818
719	947
719	977
719	990
719	827
719	953
719	824
719	759
719	938
719	813
719	769
719	978
719	725
719	730
719	786
720	724
720	982
720	973
720	937
720	996
720	842
720	792
720	914
720	898
721	874
721	992
721	917
721	967
721	781
721	883
721	775
721	750
721	747
721	939
721	803
721	964
721	910
721	788
721	755
722	863
722	860
722	782
722	913
722	751
722	943
722	980
723	928
723	770
723	911
723	923
723	962
723	979
724	861
724	842
724	996
724	937
724	792
724	982
724	973
724	873
725	823
725	942
725	978
725	903
725	953
725	727
725	947
725	806
725	938
725	769
725	994
725	759
725	859
725	786
725	852
725	773
725	793
725	824
725	913
725	818
725	813
727	806
727	974
727	903
727	972
727	859
727	994
727	738
727	880
727	786
727	873
727	905
727	769
727	978
727	942
727	953
727	730
727	824
727	827
727	938
727	825
727	990
727	898
727	771
727	995
728	912
728	772
728	783
728	970
728	762
728	731
728	825
728	886
728	743
728	742
728	952
729	844
729	922
729	871
729	823
729	831
729	952
729	780
730	852
730	827
730	759
730	938
730	823
730	953
730	806
730	978
730	773
730	947
730	995
730	793
730	859
730	771
730	977
730	877
730	972
730	903
730	745
730	824
730	769
730	784
730	873
731	912
731	783
731	970
731	772
731	743
732	805
732	869
732	791
732	821
732	968
732	776
732	785
732	795
732	820
732	979
732	919
732	831
733	910
733	984
733	750
733	781
733	939
733	814
733	917
733	803
733	874
733	747
734	926
734	746
734	949
734	848
734	961
734	881
734	800
734	927
734	989
734	855
734	919
734	887
735	913
735	943
735	936
735	751
735	847
735	863
735	782
735	860
735	980
736	989
736	856
736	887
736	961
736	819
736	800
736	926
736	919
736	881
736	839
736	927
736	928
737	960
737	892
738	841
738	995
738	953
738	784
738	852
738	827
738	942
738	994
738	745
738	990
738	873
738	938
738	786
738	854
738	977
738	823
738	806
738	824
738	773
738	974
738	880
738	793
738	818
738	978
739	882
739	766
739	797
739	885
739	940
739	991
739	893
740	907
741	857
741	779
741	992
742	756
742	797
742	885
742	804
742	946
742	808
742	991
742	837
743	970
743	912
743	757
743	783
743	772
743	982
743	920
744	752
744	780
744	974
745	806
745	905
745	877
745	818
745	947
745	771
745	972
745	977
745	793
745	823
745	825
745	786
745	903
745	773
745	832
745	990
745	841
745	873
745	761
745	827
745	938
745	978
745	880
745	951
746	989
746	961
746	819
746	856
746	848
746	839
746	926
746	949
746	919
746	881
746	887
746	927
746	800
747	929
747	969
747	998
747	840
747	761
747	838
747	799
747	757
747	753
747	870
747	917
747	803
747	883
748	921
748	999
748	753
748	774
748	875
748	925
748	767
748	908
748	855
750	933
750	967
750	876
750	917
750	788
750	874
750	964
750	992
750	929
750	878
750	949
750	998
750	910
750	988
750	761
750	939
750	803
750	977
751	980
751	936
753	816
753	840
753	929
753	799
753	761
753	969
753	878
753	757
753	883
753	933
754	768
754	906
754	944
754	868
754	886
754	941
754	760
754	839
754	786
755	956
755	875
755	908
755	925
755	774
755	807
755	758
755	836
755	999
755	921
756	804
756	766
756	940
756	837
756	808
756	882
757	929
757	998
757	799
757	838
757	969
757	870
757	816
757	878
757	917
758	959
758	962
758	865
758	979
758	790
759	898
759	769
759	995
759	873
759	974
759	824
759	832
759	852
759	880
759	813
759	771
759	903
759	905
759	942
759	786
759	938
759	977
759	827
759	793
759	978
759	784
759	972
759	841
759	825
760	941
760	768
760	901
760	868
760	900
760	944
760	886
760	762
761	870
761	929
761	969
761	838
761	799
761	878
761	998
761	939
761	967
761	874
762	932
762	825
763	958
763	774
764	950
764	891
764	945
764	909
765	834
765	948
765	902
765	802
765	918
765	801
765	915
765	778
765	952
765	862
766	804
766	797
766	885
766	882
766	774
767	988
767	794
767	986
767	832
767	936
767	852
768	944
768	906
768	868
768	843
768	941
768	901
769	938
769	832
769	824
769	994
769	953
769	995
769	947
769	873
769	784
769	972
769	977
769	898
769	903
769	990
769	825
769	859
769	818
769	974
769	996
769	786
769	942
769	806
769	877
769	813
770	794
770	928
771	978
771	905
771	793
771	974
771	972
771	813
771	932
771	784
771	995
771	818
771	825
771	953
771	877
771	977
771	898
771	947
771	994
771	873
771	859
771	806
771	841
771	773
772	912
772	783
772	839
772	970
773	841
773	903
773	827
773	806
773	852
773	977
773	905
773	995
773	974
773	832
773	786
773	938
773	972
773	824
773	813
773	823
773	990
774	956
774	925
774	836
774	908
774	875
774	807
774	802
774	921
774	999
775	876
775	874
775	933
775	883
775	984
775	803
775	917
775	788
775	840
775	781
775	816
775	964
776	791
776	805
776	785
776	968
776	795
776	821
776	869
776	822
776	979
777	955
777	809
778	890
778	862
778	865
779	857
780	965
780	922
780	952
780	939
781	964
781	788
781	967
781	917
781	874
781	933
781	939
781	910
781	992
781	876
781	840
781	838
781	984
782	913
782	863
782	860
782	943
782	980
783	970
783	912
783	944
783	874
783	902
784	825
784	953
784	823
784	793
784	859
784	873
784	806
784	938
784	832
784	841
784	947
784	818
784	905
784	942
784	978
784	990
784	972
784	877
784	852
784	995
784	977
784	898
784	994
785	791
785	795
785	968
785	805
785	869
785	821
785	892
786	942
786	813
786	824
786	880
786	877
786	978
786	806
786	903
786	825
786	905
786	947
786	918
786	841
786	977
786	859
786	827
787	924
787	851
787	845
787	963
787	802
787	894
787	902
787	987
787	918
787	948
787	834
788	803
788	964
788	933
788	917
788	967
788	814
788	910
788	876
788	929
788	939
788	992
789	867
789	888
789	884
789	835
789	833
789	849
789	854
790	959
790	865
790	899
790	962
790	979
791	795
791	821
791	805
791	869
791	968
791	864
792	982
792	996
792	973
792	861
792	937
792	842
793	859
793	974
793	827
793	852
793	990
793	877
793	938
793	818
793	905
793	824
793	832
793	919
793	806
793	978
793	994
793	937
793	841
793	880
793	972
793	970
793	895
794	988
794	986
795	968
795	805
795	821
795	869
796	823
797	882
797	804
797	885
797	966
797	808
797	893
798	976
798	897
799	878
799	929
799	838
799	840
799	969
799	816
799	870
799	990
799	911
799	998
799	964
800	856
800	989
800	819
800	839
800	848
800	949
800	887
800	926
801	987
801	802
801	918
801	948
801	845
801	924
801	834
801	890
801	894
801	927
801	951
801	991
802	948
802	963
802	987
802	951
802	924
802	845
802	834
802	918
802	894
802	895
802	902
803	814
803	874
803	883
803	939
803	992
803	933
803	878
803	998
803	816
803	984
803	969
803	922
803	964
804	882
804	885
804	940
804	837
804	808
805	869
805	821
805	968
805	864
805	856
806	898
806	905
806	859
806	818
806	942
806	953
806	978
806	841
806	824
806	873
806	947
806	990
806	977
806	825
806	852
806	813
806	972
807	956
807	925
807	908
807	836
807	865
807	972
807	875
807	921
808	837
808	966
808	893
808	882
808	885
808	991
808	892
809	920
811	889
811	831
813	972
813	880
813	990
813	947
813	903
813	841
813	877
813	995
813	818
813	852
813	978
813	823
813	832
813	942
813	994
813	974
813	938
813	827
814	917
814	876
814	874
814	992
814	939
814	933
814	964
814	967
814	878
814	927
814	851
815	993
815	908
815	956
816	838
816	929
816	870
816	969
816	998
816	878
816	911
816	939
817	914
818	832
818	942
818	898
818	841
818	953
818	877
818	977
818	905
818	824
818	903
818	880
818	938
818	947
818	825
818	911
819	856
819	887
819	961
819	881
819	989
819	919
819	949
819	839
819	926
819	901
820	822
821	968
821	869
822	864
822	968
822	881
823	974
823	947
823	995
823	841
823	942
823	905
823	877
823	873
823	953
823	827
823	903
823	978
823	832
823	994
823	985
823	938
823	916
824	995
824	978
824	832
824	974
824	841
824	972
824	947
824	873
824	953
824	898
824	852
824	905
824	990
824	942
824	977
824	877
824	859
824	827
825	827
825	947
825	972
825	995
825	859
825	977
825	880
825	990
825	994
825	938
825	832
825	898
825	974
825	841
826	872
826	988
827	852
827	978
827	942
827	859
827	947
827	903
827	994
827	841
827	938
827	972
827	926
827	953
827	873
827	974
827	967
827	877
828	872
829	831
829	889
830	879
830	896
832	972
832	880
832	877
832	938
832	898
832	974
832	852
832	905
832	990
832	995
832	903
832	994
832	873
832	908
833	888
833	854
833	884
833	935
834	902
834	987
834	894
834	963
834	853
834	851
834	951
834	918
834	965
834	924
834	948
835	867
835	935
835	849
835	888
836	925
836	956
836	908
836	959
836	921
837	940
837	991
837	966
837	893
837	954
837	885
838	969
838	998
838	840
838	870
838	874
838	967
839	989
839	856
839	927
839	949
839	919
839	887
839	961
839	848
839	881
839	924
839	926
839	928
840	998
840	969
840	929
840	878
840	870
840	933
840	939
841	852
841	990
841	977
841	994
841	905
841	978
841	873
841	942
841	953
841	995
841	887
841	972
841	880
841	903
841	898
841	859
841	947
841	877
841	938
842	973
842	861
842	937
842	996
842	982
843	886
843	906
843	932
843	941
843	900
843	901
844	952
844	922
844	912
844	871
844	994
845	951
845	851
845	987
845	948
845	902
845	895
846	989
847	936
847	860
847	863
847	913
847	943
848	927
848	926
848	989
848	881
848	961
848	856
848	919
848	949
849	888
849	935
849	854
849	867
849	884
850	931
850	981
851	894
851	963
851	948
851	918
851	869
851	872
852	978
852	947
852	953
852	994
852	942
852	903
852	990
852	905
852	859
852	995
852	877
852	972
853	932
853	906
853	886
854	884
854	935
854	888
854	998
854	878
855	922
855	965
855	961
855	952
856	961
856	949
856	926
856	881
856	989
856	887
856	927
856	925
856	919
859	942
859	880
859	903
859	995
859	938
859	972
859	873
859	994
859	990
859	953
859	977
860	943
860	913
861	973
861	996
861	937
861	982
862	890
862	902
862	894
863	936
863	913
863	943
864	968
865	979
865	899
865	959
866	930
867	888
867	935
868	941
868	906
868	901
868	914
868	886
869	968
870	929
870	998
870	933
870	917
870	964
871	965
871	922
872	891
873	938
873	994
873	880
873	978
873	972
873	947
873	977
873	903
873	898
873	877
873	905
873	995
874	933
874	967
874	984
874	876
874	939
874	883
874	929
874	969
874	917
874	992
875	908
875	956
875	925
875	999
876	883
876	964
876	992
876	967
876	917
876	998
876	984
877	898
877	947
877	972
877	978
877	922
877	974
878	929
878	969
878	967
879	896
880	995
880	905
880	898
880	903
880	947
880	938
880	990
880	978
880	942
880	972
880	974
880	994
881	926
881	927
881	887
881	949
881	919
881	989
881	961
882	885
882	985
882	991
883	967
883	992
883	939
883	933
883	917
883	964
883	910
884	888
884	935
884	887
885	966
886	906
886	932
886	901
886	944
887	919
887	949
887	927
887	967
887	926
887	953
888	935
889	970
889	977
890	894
891	950
891	945
891	909
892	934
892	904
892	920
892	916
893	966
893	940
893	991
894	924
894	902
894	987
894	918
894	951
896	905
897	976
898	905
898	990
898	978
898	942
898	977
898	903
898	938
898	953
898	995
898	974
899	979
899	962
899	987
899	959
899	905
900	901
900	906
900	941
900	944
901	944
901	941
901	932
901	906
901	970
902	918
902	963
903	947
903	938
903	994
903	990
904	916
904	934
904	920
904	955
905	942
905	994
905	977
905	947
906	944
906	941
908	925
908	997
908	956
909	950
909	945
910	939
910	933
910	917
910	984
910	964
911	928
911	923
912	970
913	943
915	923
916	920
916	934
917	964
917	939
917	998
917	923
917	933
917	967
918	987
918	924
918	998
919	926
919	949
919	989
919	927
919	961
920	934
920	972
921	999
921	935
921	956
922	965
923	928
924	951
924	963
924	987
924	948
925	956
925	999
925	948
926	927
926	961
926	989
926	949
927	949
927	961
929	969
929	992
931	981
932	944
933	964
933	967
933	992
933	939
933	984
936	943
937	996
937	973
937	982
938	995
938	977
938	972
938	974
938	953
938	942
938	994
939	992
939	967
939	964
939	984
939	953
940	991
940	966
940	963
941	944
942	953
942	947
942	978
942	995
946	954
947	953
947	974
947	995
947	990
947	972
947	978
948	987
948	951
949	989
949	961
951	963
951	987
952	965
952	982
953	990
953	972
953	977
953	995
953	978
953	994
956	997
956	999
957	975
959	962
959	979
961	989
962	979
963	987
963	984
964	984
964	992
964	967
966	991
969	998
972	974
972	994
973	996
973	982
974	990
974	995
974	994
977	995
977	994
978	994
978	995
982	996
984	992
986	988
988	992
990	994
990	995
993	997
993	999
994	995
