0	826
0	907
0	864
0	862
0	890
0	545
1	708
1	850
1	931
1	946
2	999
2	797
2	972
2	806
2	705
2	908
3	713
3	948
3	795
3	965
3	790
4	695
4	7
4	725
4	806
5	795
5	909
5	657
6	858
6	803
6	871
6	707
6	382
7	947
7	773
7	977
7	717
7	698
8	11
8	13
8	12
8	9
8	10
8	672
9	11
9	14
9	15
9	687
10	14
10	554
11	13
11	15
12	14
12	13
12	15
12	729
13	14
13	515
14	15
14	579
15	336
16	18
16	22
17	23
17	19
17	21
17	618
18	457
18	23
18	20
19	21
19	241
19	23
19	20
19	783
20	23
20	316
20	170
20	173
21	22
22	905
23	74
24	772
24	728
24	963
24	952
24	464
25	782
25	681
25	779
25	678
25	881
25	735
25	227
25	655
25	943
25	85
26	980
26	752
26	751
26	664
26	770
27	744
27	847
27	848
27	494
28	866
28	975
28	884
28	833
28	182
28	792
28	686
29	851
29	889
29	914
29	952
29	951
29	694
29	71
30	840
30	761
30	663
30	969
30	896
30	710
30	714
30	838
30	998
31	863
31	926
31	699
31	723
31	961
31	668
31	722
32	37
33	455
33	34
33	36
33	38
33	37
33	878
34	37
34	39
34	132
35	37
35	39
36	38
36	37
37	935
37	133
38	39
38	243
38	430
38	654
39	553
39	772
40	46
40	44
40	136
40	47
40	81
40	142
41	43
41	45
41	143
41	47
41	44
41	46
41	142
41	80
41	375
41	903
42	45
42	44
42	47
42	141
42	82
42	46
42	80
42	696
43	141
43	138
43	46
43	142
43	139
43	47
43	136
43	977
44	142
44	45
44	47
44	141
45	136
45	138
45	83
45	143
46	47
46	142
46	80
46	83
46	137
46	81
47	141
47	142
47	143
47	80
48	52
48	55
48	664
48	54
48	313
49	55
49	52
49	50
50	52
50	53
50	55
51	55
51	854
51	826
51	729
52	53
52	54
52	316
53	54
53	389
54	412
55	524
56	61
56	561
56	559
56	554
56	563
56	548
56	552
56	868
56	642
57	59
57	63
57	546
57	549
57	544
57	60
57	553
57	569
57	573
58	61
58	560
58	59
58	556
58	454
58	629
58	566
58	612
59	555
59	557
59	544
59	556
59	652
60	61
60	62
60	545
60	561
60	566
60	544
61	568
61	573
61	62
61	564
61	546
61	385
61	565
62	552
62	554
62	546
62	572
62	630
63	552
63	569
63	549
63	555
63	572
63	563
63	564
63	503
64	69
64	245
64	70
64	247
64	242
64	71
65	245
65	240
65	243
65	246
65	69
66	69
66	244
67	71
67	68
67	246
67	247
68	69
68	246
68	245
69	71
70	245
70	244
71	77
71	240
71	863
72	75
72	73
72	77
72	74
72	498
73	75
73	74
73	77
73	660
74	75
74	995
75	77
75	957
76	445
76	444
77	427
78	79
78	447
79	447
80	81
80	83
80	87
80	82
80	139
81	84
81	86
81	87
82	86
82	85
82	87
83	139
84	85
84	87
84	141
84	131
85	86
85	485
86	87
86	137
87	139
88	90
88	215
88	93
89	93
89	94
89	91
89	151
90	91
90	93
91	95
91	128
91	915
92	93
92	94
93	455
93	95
93	123
93	840
94	314
94	394
96	99
96	318
96	103
96	621
97	102
97	412
97	100
97	476
98	100
98	99
98	895
99	103
99	101
99	102
99	502
99	819
100	379
101	847
102	489
102	354
103	456
104	111
104	109
104	107
104	166
105	106
105	108
105	110
106	110
106	608
107	109
107	111
108	911
109	111
112	113
112	411
112	213
112	208
112	210
113	116
113	411
113	213
113	210
113	317
113	606
114	413
114	417
114	115
114	318
114	535
114	414
114	536
114	313
115	416
115	415
115	118
115	539
115	117
116	213
116	640
117	415
117	413
117	412
117	409
117	539
117	487
117	536
117	542
117	319
118	417
118	415
118	535
118	314
118	315
118	409
119	537
119	543
119	422
120	123
120	218
120	126
120	223
120	124
120	217
120	125
120	813
121	223
121	217
121	216
121	432
121	123
121	263
121	629
122	124
122	123
122	219
122	216
122	218
122	221
123	125
123	221
123	710
123	324
124	217
124	218
124	216
124	126
124	219
124	851
125	217
125	521
125	222
126	127
126	222
126	221
126	739
127	218
127	220
127	223
127	222
127	216
127	217
127	879
128	133
128	129
128	327
128	763
128	800
129	130
129	131
129	134
129	211
130	131
130	372
131	132
131	134
131	595
131	475
132	135
132	479
132	412
132	935
133	180
133	835
134	135
134	630
135	353
135	794
136	140
136	137
136	142
136	138
136	143
137	142
138	140
138	143
138	139
139	143
140	141
140	143
140	142
141	143
144	149
144	145
144	401
144	148
145	151
145	146
145	147
145	399
145	402
146	150
146	149
146	151
146	405
146	401
146	403
147	151
147	148
147	399
148	403
148	404
149	402
149	150
150	782
150	400
151	399
151	686
152	159
152	156
152	600
153	157
153	155
153	158
153	154
153	683
154	155
154	158
154	157
155	158
155	157
155	300
156	159
157	936
157	473
160	161
160	162
160	678
161	165
161	162
162	165
163	167
163	166
164	167
164	166
164	623
166	167
168	174
168	175
168	172
168	473
168	170
168	254
168	469
169	175
169	171
169	174
169	251
169	173
169	254
169	248
169	250
169	172
170	172
170	171
170	173
170	255
170	469
171	174
171	250
171	471
171	253
172	173
172	174
172	250
173	175
173	249
173	474
174	253
174	251
174	258
175	248
175	249
175	251
175	252
176	181
176	180
177	180
177	182
177	178
178	182
178	994
179	182
179	180
180	181
181	183
181	539
181	961
182	545
184	186
184	664
184	185
185	186
185	191
186	191
187	189
187	377
187	188
188	189
188	190
189	190
190	797
191	836
192	193
192	194
192	197
192	225
192	312
193	194
193	198
193	197
193	226
194	197
194	198
194	231
195	196
195	199
196	199
197	198
197	231
198	227
198	225
200	202
200	201
200	234
201	204
201	203
201	286
201	202
201	207
202	455
202	205
202	684
202	864
202	609
203	204
204	493
205	930
206	207
206	231
207	989
208	210
208	213
208	410
208	317
209	412
209	664
209	541
211	214
211	212
211	416
211	415
211	215
212	215
212	535
213	317
214	361
214	900
214	312
214	315
214	533
215	414
215	534
216	217
217	223
217	221
217	219
218	219
218	430
218	223
219	222
219	223
220	223
220	274
222	223
223	545
223	741
224	226
224	361
224	229
225	230
225	227
225	562
225	472
226	228
226	230
226	944
226	894
227	229
227	228
227	231
227	699
228	230
228	231
228	981
229	230
230	851
230	557
232	422
232	420
232	233
232	427
233	420
233	427
233	237
234	426
235	421
235	418
235	424
235	423
235	426
235	776
236	238
236	239
236	423
236	815
237	422
237	427
238	419
238	969
239	423
240	243
240	397
241	245
241	244
241	242
241	899
242	243
243	247
243	246
243	244
243	250
244	247
244	245
245	247
245	246
246	247
248	252
248	251
248	250
248	253
248	254
248	255
249	255
249	253
249	254
250	475
250	470
251	254
251	252
251	474
252	255
252	476
252	708
254	255
255	469
255	472
255	279
256	431
256	263
256	435
256	258
256	437
257	260
257	433
257	867
257	434
258	261
258	262
258	259
258	429
259	262
259	430
259	437
259	433
259	263
260	263
260	431
260	432
260	542
260	433
261	437
261	435
261	450
262	436
262	431
262	429
262	437
263	434
264	267
264	269
264	270
264	533
264	265
264	266
265	267
265	266
265	268
265	270
265	529
267	269
267	271
267	270
267	973
268	912
269	573
270	309
271	313
271	501
272	273
272	275
273	279
273	451
273	578
273	986
274	275
274	277
274	279
274	444
275	278
276	279
276	962
277	278
277	607
278	279
280	285
280	287
280	283
280	284
280	282
281	283
281	282
281	284
281	423
282	283
282	284
283	285
283	886
283	287
284	285
284	377
284	287
284	367
284	371
285	287
285	286
286	287
287	975
288	291
288	289
288	290
288	292
289	291
289	292
289	613
290	291
290	292
290	529
291	292
291	597
293	294
293	295
294	295
296	300
296	303
296	298
297	301
297	299
297	302
298	303
298	300
299	301
299	517
300	303
301	302
302	480
304	311
304	309
304	327
304	306
305	309
305	308
305	320
305	324
305	653
305	345
306	309
306	310
306	324
306	326
307	309
307	310
307	321
307	902
307	345
308	311
308	327
308	322
308	310
308	324
309	310
309	323
309	325
310	323
310	352
311	320
311	321
311	346
312	315
312	318
312	533
312	538
312	314
312	408
313	318
313	533
313	416
313	319
313	408
313	315
313	409
314	318
314	319
314	542
314	533
314	484
314	416
314	417
315	319
315	536
315	534
315	409
316	532
316	536
316	319
316	533
316	535
317	410
317	411
317	527
318	412
318	535
319	542
319	534
320	324
320	325
320	323
320	350
321	324
321	322
321	327
321	933
321	323
321	353
322	325
322	323
322	326
322	352
323	327
323	324
323	326
323	325
324	358
324	348
325	326
326	382
326	985
328	335
328	329
328	333
328	331
328	332
329	335
329	332
329	331
329	583
329	601
330	335
330	332
330	601
330	602
330	331
331	574
331	588
331	333
332	334
333	334
333	583
333	921
334	335
334	574
334	588
335	582
336	341
336	342
336	338
336	337
337	342
337	338
337	341
338	341
338	342
338	833
339	344
339	343
339	461
340	343
340	344
340	363
341	342
341	411
343	344
345	348
345	350
345	346
346	350
346	554
347	351
347	442
348	350
348	392
349	350
349	352
349	351
350	351
352	483
352	517
354	361
354	357
355	361
355	502
355	577
355	402
356	483
356	358
356	359
356	360
357	358
357	362
358	362
359	362
359	511
360	379
360	499
361	752
363	370
363	364
363	371
363	461
364	365
364	371
364	370
365	371
365	370
365	853
366	369
366	368
366	367
367	368
367	369
368	369
368	636
370	371
370	452
372	498
372	377
372	379
373	376
373	387
374	375
375	376
376	379
377	380
379	952
381	383
381	387
381	388
382	387
382	768
382	820
383	388
383	386
384	491
384	389
385	387
385	386
385	669
386	389
387	389
390	392
390	452
390	397
391	394
392	398
392	397
393	394
393	396
393	397
395	504
397	398
397	627
398	454
399	402
399	406
400	407
401	403
401	404
401	784
402	406
402	861
404	407
404	405
405	406
406	407
408	413
408	409
408	536
409	414
410	411
410	675
412	413
412	414
412	415
413	414
413	542
413	534
413	536
414	417
414	539
415	417
415	532
415	535
416	417
416	539
417	542
418	426
418	423
418	511
418	424
418	979
419	424
419	425
419	423
419	421
420	422
420	428
420	765
421	423
423	425
423	426
423	424
424	425
428	430
428	435
428	434
428	703
429	430
429	434
429	435
429	431
429	437
429	502
429	616
430	433
430	432
431	435
431	434
432	434
432	435
432	942
434	437
435	436
436	437
438	443
438	440
438	442
438	842
439	443
439	442
439	484
439	924
439	835
440	442
440	443
440	457
441	446
441	444
441	445
441	717
442	671
443	866
443	861
444	446
444	445
445	446
448	454
448	452
449	454
449	488
449	453
450	500
450	452
450	455
451	457
451	456
453	454
453	457
453	896
455	456
457	568
458	459
458	998
458	879
458	809
459	809
459	663
460	464
460	466
460	463
460	462
460	889
460	952
461	465
461	467
462	463
462	464
462	986
462	743
462	845
463	466
463	464
463	982
463	844
464	466
464	767
464	772
465	467
466	951
466	817
466	706
468	471
468	469
468	477
468	475
468	476
469	476
469	472
470	477
470	472
470	473
470	475
471	473
472	477
472	476
473	476
474	477
474	476
477	478
478	480
478	485
479	482
479	485
479	497
480	485
480	481
480	731
481	484
481	486
482	532
482	869
483	485
486	487
488	491
488	779
489	495
489	493
490	496
490	492
490	495
490	494
491	494
491	497
492	496
492	522
493	716
495	496
495	497
496	497
497	892
499	505
499	504
499	619
500	706
500	506
500	628
501	507
501	509
501	868
501	889
502	504
502	832
503	505
504	507
505	506
506	508
506	507
506	509
506	659
506	810
507	529
507	508
508	975
510	520
510	513
510	514
510	519
511	514
511	512
511	520
512	519
512	520
512	513
512	570
514	517
514	520
515	518
515	516
516	518
517	520
517	519
521	526
521	530
522	525
522	528
523	528
523	601
524	528
524	715
524	527
524	848
525	531
525	530
525	936
526	531
526	528
526	922
527	989
532	541
532	535
532	533
532	538
532	539
533	538
533	536
533	541
534	535
534	542
534	536
534	538
535	542
536	538
536	541
537	540
537	543
539	542
539	541
540	543
540	547
541	542
544	567
544	545
544	564
544	562
544	552
545	558
545	563
545	551
545	569
546	561
546	572
546	554
546	563
546	548
546	573
547	548
547	557
547	566
547	562
547	549
548	572
548	556
548	562
548	561
548	565
548	642
548	611
549	563
549	557
549	554
549	560
549	565
549	644
549	561
550	566
550	572
550	564
550	551
551	559
551	571
552	557
552	564
553	557
553	565
553	566
553	608
554	558
554	624
555	560
555	557
555	569
555	625
556	568
557	623
557	648
558	563
558	572
558	573
558	569
559	565
559	572
559	632
560	570
560	573
560	567
561	568
561	570
561	562
563	572
563	564
563	568
563	569
564	607
564	625
564	630
565	570
566	570
567	569
567	570
567	572
568	569
568	606
569	570
570	571
571	572
571	751
571	619
571	627
573	611
573	771
574	601
574	582
574	583
575	584
575	589
575	576
575	577
575	596
576	584
576	598
576	579
577	578
577	599
577	596
577	604
578	593
578	584
578	581
579	591
579	584
579	585
579	599
579	603
579	919
580	596
580	589
580	586
580	595
580	590
580	585
580	901
581	591
581	603
581	604
582	583
582	601
583	602
583	588
584	590
584	589
584	598
584	593
585	595
585	604
586	599
586	593
586	603
586	591
587	600
587	594
587	688
588	601
589	603
589	591
590	603
592	604
592	593
592	596
593	603
593	595
593	599
594	597
594	600
595	604
597	600
598	604
599	603
599	759
605	637
605	614
605	615
605	631
606	644
606	612
606	624
606	648
606	638
607	621
607	625
607	612
608	634
608	629
608	624
608	611
608	641
608	616
609	645
609	647
609	646
609	613
610	633
610	639
610	636
611	612
611	623
611	634
612	624
612	638
613	617
613	647
613	626
613	645
613	643
613	631
614	647
614	646
614	631
615	645
615	650
615	631
615	622
616	641
616	621
616	644
616	624
616	640
616	632
617	622
617	650
617	637
617	643
617	635
618	627
618	644
618	625
618	628
618	629
618	619
619	634
619	642
619	620
619	648
620	627
620	648
620	638
620	634
620	623
620	621
620	628
621	624
621	623
621	629
621	641
621	640
621	627
621	630
622	631
622	635
622	649
622	637
623	640
623	628
624	630
624	629
624	625
624	634
625	642
625	644
625	641
625	632
625	638
626	650
626	637
626	631
626	646
627	644
627	628
627	640
628	638
628	644
629	634
629	644
630	632
630	648
631	646
632	648
632	644
632	642
632	638
633	639
633	636
634	640
635	637
635	646
635	649
636	639
637	646
638	642
638	640
642	644
642	646
646	650
647	649
647	650
651	951
651	787
651	889
651	794
651	890
651	694
652	841
652	920
652	921
652	679
652	831
653	655
653	927
653	961
653	911
653	848
653	779
653	722
653	678
654	819
654	919
654	887
654	723
654	678
654	857
654	913
654	722
655	678
655	926
655	812
655	670
655	847
655	741
655	958
655	913
655	928
655	845
656	811
656	758
656	899
656	795
656	987
657	680
657	785
657	899
657	909
657	931
658	662
658	765
658	733
658	791
659	851
659	952
659	694
659	672
659	912
659	731
659	970
660	670
660	744
660	734
660	723
660	943
660	913
660	971
660	949
661	819
661	881
661	800
661	919
661	943
661	958
661	782
661	779
661	711
662	790
662	702
662	922
662	802
662	968
662	680
662	967
663	955
663	896
663	796
663	757
663	816
664	936
664	737
664	770
665	953
665	766
665	774
665	877
665	786
665	977
665	836
665	748
665	810
666	776
666	733
666	965
666	950
666	805
666	791
666	979
666	899
667	820
667	907
667	822
667	844
668	848
668	763
668	699
668	696
668	856
668	923
668	782
668	722
668	863
668	735
668	971
669	884
669	935
669	833
669	997
669	789
669	792
669	957
669	835
669	975
670	696
670	812
670	919
670	722
670	800
670	887
670	819
670	958
670	856
670	699
670	736
670	713
671	997
671	937
671	849
671	720
672	794
672	951
672	743
672	703
672	728
672	845
672	844
672	694
672	851
673	895
673	980
673	915
674	877
674	786
674	679
674	841
674	966
674	718
674	882
674	893
674	745
675	981
675	850
675	954
675	946
675	783
676	828
676	680
676	702
676	740
677	900
677	768
677	906
677	754
677	941
678	723
678	863
678	971
678	919
678	848
678	989
678	857
678	741
678	782
678	923
678	681
678	913
678	749
678	881
678	736
678	744
679	832
679	976
679	991
679	700
679	719
679	903
679	825
680	765
680	959
680	758
680	790
680	691
681	856
681	928
681	744
681	839
681	949
681	943
681	812
681	819
681	683
681	696
681	860
682	905
682	831
682	709
682	695
682	705
682	727
682	972
682	793
682	880
682	925
682	885
683	819
683	736
683	923
683	943
683	919
683	746
683	812
683	958
684	737
684	770
684	980
685	686
685	789
685	997
685	884
685	833
685	888
685	996
685	842
685	937
686	861
686	835
686	884
686	724
686	854
686	815
687	823
687	956
687	873
687	978
687	990
688	956
688	705
688	947
688	938
688	700
688	784
689	718
689	877
689	712
689	808
689	904
689	940
690	786
690	830
690	825
690	804
691	893
691	813
691	877
691	742
691	766
692	695
692	942
692	920
692	976
692	893
692	813
693	895
693	980
693	970
694	988
694	845
694	783
694	912
694	889
694	787
694	986
695	841
695	897
695	976
695	807
695	824
695	859
696	847
696	711
696	782
696	928
696	913
696	723
697	779
697	848
697	863
697	983
697	857
697	927
697	926
698	748
698	877
698	807
698	704
698	705
699	779
699	860
699	927
699	763
699	723
699	848
700	831
700	934
700	825
700	974
700	813
701	997
701	789
701	720
701	867
701	982
701	861
701	993
701	842
701	866
702	805
703	844
703	817
703	924
703	794
703	731
703	912
703	851
703	787
704	738
704	827
704	875
704	745
704	852
704	831
704	727
704	813
704	797
704	837
704	718
705	739
705	994
705	882
705	898
705	712
705	774
705	830
705	852
705	709
705	807
706	963
706	889
706	914
706	894
706	924
706	851
706	951
707	874
707	758
707	984
707	805
707	965
707	922
707	950
707	945
708	726
708	850
708	954
708	897
709	897
709	938
709	784
709	759
709	769
709	739
709	898
709	807
709	877
710	753
710	870
710	714
710	838
710	955
711	723
711	782
711	779
711	949
711	923
711	839
711	928
711	744
711	943
712	730
712	818
712	991
712	921
712	784
712	739
712	956
712	745
713	945
713	967
713	876
714	777
714	870
714	955
714	796
715	868
715	944
715	932
715	941
716	955
716	878
716	809
716	838
717	813
717	756
717	797
717	908
717	810
718	976
718	719
718	938
718	934
718	925
719	908
719	903
719	837
719	882
719	742
719	773
720	849
720	724
720	866
720	815
721	776
721	874
721	985
721	968
721	948
721	909
722	857
722	741
722	958
722	919
722	863
722	928
722	911
723	961
723	881
723	812
723	763
723	958
724	975
724	861
724	842
724	996
724	930
724	993
724	854
724	937
724	884
724	935
725	885
725	823
725	942
725	904
726	981
726	931
726	954
727	806
727	885
727	974
728	912
728	914
728	889
728	772
728	894
728	783
728	817
728	845
729	783
729	889
729	924
729	951
729	986
730	934
730	810
730	831
730	852
731	889
731	767
731	845
731	912
732	834
732	899
733	795
733	790
733	740
733	910
733	780
734	926
734	971
734	735
734	928
734	812
734	782
734	763
735	749
735	848
735	857
736	763
736	989
736	943
736	857
736	856
736	782
736	779
737	960
737	936
737	915
737	895
737	752
738	841
738	766
738	925
738	995
738	953
738	784
739	908
739	976
739	904
739	771
739	956
740	828
740	967
740	985
740	750
741	949
741	913
741	800
741	857
741	863
741	983
741	958
741	919
741	819
742	808
742	934
742	755
742	830
743	952
743	894
743	787
743	924
744	863
744	763
744	848
744	961
744	860
744	887
744	746
745	830
745	976
745	806
745	905
746	989
746	961
746	860
746	819
746	856
747	929
747	969
747	998
747	840
747	896
747	761
747	955
747	838
747	777
748	771
748	875
748	806
749	949
749	989
749	863
750	776
750	933
750	758
750	979
751	895
751	980
751	752
752	915
752	936
753	816
753	840
753	879
753	929
754	768
754	906
754	944
755	756
755	759
755	852
755	793
755	813
756	956
756	978
757	929
757	796
757	998
757	955
757	799
758	871
759	898
759	769
759	995
759	873
759	837
759	974
760	941
760	768
760	901
760	868
760	900
760	944
761	870
761	929
762	820
762	778
762	890
762	864
762	907
763	782
763	857
763	927
763	923
763	863
763	958
764	992
764	941
765	871
765	883
765	811
766	823
766	804
766	797
766	916
766	859
767	924
767	952
767	894
767	851
767	951
767	970
768	944
769	938
769	832
769	830
769	824
770	936
770	980
771	991
772	894
772	914
772	817
772	988
772	889
773	807
773	831
773	921
773	841
774	991
774	885
774	956
774	841
774	827
774	966
774	977
774	877
774	934
774	920
774	976
775	790
775	876
775	945
775	962
776	917
776	902
776	876
776	811
776	964
777	796
777	799
777	929
777	998
778	820
778	822
779	911
779	971
779	943
780	795
780	979
780	814
780	876
780	790
780	811
781	902
781	909
781	964
781	790
781	959
781	801
781	788
782	923
782	812
782	958
783	952
783	889
783	794
783	988
783	914
784	875
784	825
784	808
785	883
785	950
785	871
786	966
786	942
786	921
787	817
787	912
787	844
787	914
787	924
788	858
788	871
788	872
788	922
789	996
789	792
789	815
789	861
789	867
789	993
790	855
790	909
790	802
791	945
791	979
791	795
791	984
791	803
791	876
791	867
792	867
792	982
792	996
792	973
792	854
792	849
792	997
793	934
793	859
793	916
794	851
794	817
794	894
795	918
795	828
795	979
796	929
796	816
796	799
796	896
797	925
797	905
797	827
798	809
798	896
798	840
798	879
799	878
799	929
799	838
800	856
800	913
800	812
801	876
801	814
801	871
801	939
801	899
801	943
802	814
803	834
803	962
803	814
804	990
804	830
804	947
804	898
805	869
805	979
805	872
805	858
805	891
806	830
806	898
806	966
807	920
807	995
808	837
808	831
808	852
808	974
809	969
809	840
809	838
810	830
810	934
811	987
811	876
812	927
812	919
812	928
812	971
812	857
812	983
812	926
812	881
813	956
813	972
814	855
814	917
814	876
814	987
814	965
815	884
815	833
815	996
816	838
816	929
816	879
816	870
816	969
817	952
817	894
817	914
817	851
818	832
818	942
818	925
818	893
819	971
819	857
819	958
819	856
820	890
821	834
821	858
821	918
822	890
822	853
823	940
823	974
823	947
823	956
823	837
823	831
824	893
825	827
826	890
827	829
827	882
827	852
828	874
828	883
828	902
828	918
828	917
828	891
829	880
829	875
829	832
830	974
830	882
830	978
830	904
831	837
832	972
833	888
833	861
833	930
834	967
834	950
835	996
835	993
835	930
835	973
836	925
836	947
836	990
836	885
836	898
836	877
837	921
837	978
837	940
837	880
837	938
838	955
839	989
839	928
839	847
839	943
839	856
840	998
841	920
841	961
842	973
842	997
842	884
842	888
843	886
843	906
843	932
843	941
844	924
844	952
844	963
845	912
845	970
845	986
846	853
846	890
846	907
847	856
847	919
848	983
848	928
848	971
848	943
848	958
848	927
849	997
849	982
849	888
849	996
849	866
849	973
849	935
850	931
851	914
851	912
852	904
852	978
852	947
854	884
854	993
855	967
855	964
855	985
856	911
856	928
856	923
856	961
856	949
856	860
857	923
857	943
857	911
857	926
857	989
857	983
858	968
858	891
858	874
859	934
859	976
859	942
859	880
859	916
860	926
860	919
860	961
860	983
860	943
861	993
861	884
861	935
861	867
863	971
863	911
863	989
865	987
865	939
866	937
866	975
866	884
866	888
866	957
866	930
867	997
867	888
868	941
869	964
869	939
870	955
871	902
871	939
871	933
872	922
872	876
872	992
873	938
873	991
873	882
874	918
875	977
875	991
875	897
875	938
876	962
878	929
878	891
879	998
880	934
881	926
881	958
881	913
881	928
881	927
881	887
881	949
881	911
882	916
883	967
883	992
884	982
884	937
885	942
886	906
886	932
886	901
886	944
887	911
887	919
887	983
888	982
888	973
888	996
888	957
888	930
889	952
889	970
889	988
891	979
891	987
891	959
891	992
892	934
892	893
892	976
893	995
893	966
894	914
894	970
894	986
895	960
896	929
896	969
897	908
898	905
898	976
898	940
898	956
898	990
898	991
899	902
899	968
900	901
900	906
900	941
901	944
901	941
901	932
902	917
903	940
903	991
903	921
903	947
904	942
904	905
904	978
905	916
905	966
905	976
906	944
906	941
908	916
908	991
908	921
909	964
909	933
909	992
909	987
909	950
910	922
911	913
911	927
911	926
912	970
913	919
913	971
913	949
913	943
915	980
915	960
916	942
917	964
918	967
919	926
919	949
921	977
922	933
922	967
923	958
923	961
923	927
923	928
924	951
925	972
925	974
926	971
926	928
926	927
927	958
930	935
931	981
933	964
934	999
937	957
938	995
939	945
940	991
940	972
942	953
945	987
946	981
947	953
948	962
948	987
949	971
950	959
950	968
950	987
951	963
951	986
952	970
952	988
953	990
953	976
953	972
956	978
957	982
958	961
958	983
959	965
959	962
964	984
965	979
965	967
966	999
966	990
969	998
972	974
972	976
972	994
975	982
982	997
986	988
994	999
